%Latitude	Longitude	Altitude	Date	O18	H2	Air Temperature
-57.67888889	-64.22	1640	1979-01-01	-19.08	-148.08	-14.3
-57.67888889	-64.2	1600	1998-01-01	-19.35	-148.54	-14.3
-58.25722222	-64.21833333	1603	1979-01-01	-19.2	-148.9	-15
-58.61111111	-62.12833333	700	1998-01-01	-10.9	-82.9	-7.3
-58.62722222	-62.12972222	700	1996-01-01	-9.7	-72.2	-7.3
-62.12	-58.56	9	1991-01-01	-12.15	-88.6	-3.2
-62.2	-58.95	NaN	1991-01-01	-10.54	-77.6	NaN
-62.25	58.83333056	NaN	NaN	-9.5	NaN	-3.8
-64.08333056	59.58333056	1806	NaN	-17.13	NaN	-14.8
-65.08	-59.58	NaN	1990-01-01	-24.3	-188.7	-12.1
-65.17	-59.98	20	1990-01-01	-19.5	-154.6	-12.3
-65.25	-64.27	10	2000-01-01	-10.42	-81.7	-3.6
-65.28	-60.32	20	1990-01-01	-20.3	-157.9	-12.3
-65.45	-60.75	20	1990-01-01	-19	-148.8	-12.4
-65.58	-61.17	50	1990-01-01	-19.8	-156.5	-12.6
-65.7	-61.53	70	1990-01-01	-22.1	-172	-12.7
-65.83	-61.95	90	1990-01-01	-22.1	-171.5	-12.9
-65.85333333	113.18	140	1972-01-01	-16.94	NaN	-11
-65.93333056	113.15	379	NaN	-17.1	NaN	-11
-66.12861111	110.9361111	249	1982-01-01	-18.64	NaN	-12
-66.13055556	110.9380556	261	1982-01-01	-18.82	NaN	-12
-66.1325	110.9444444	274	1969-01-01	-16.62	NaN	NaN
-66.13333056	110.95	283	NaN	-16.7	NaN	-10.1
-66.15	111	360	NaN	-17.6	NaN	-12.4
-66.15166667	111.0011111	360	1974-01-01	-17.51	NaN	-12
-66.15166667	112.8069444	360	NaN	-17.08	-132.66	NaN
-66.23	111.2316667	610	1972-01-01	-18.95	NaN	-14
-66.23333056	111.2333306	620	NaN	-18.9	NaN	-14.3
-66.28333333	111.45	780	NaN	-19.7	NaN	-15.7
-66.30194444	111.4566667	773	1972-01-01	-20.18	NaN	-16
-66.33	-62.6	70	1990-01-01	-22.5	-177.9	-12.9
-66.38333056	111.7333306	930	NaN	-20.8	NaN	-19
-66.38333056	111.7261111	927	1977-01-01	-20.83	NaN	NaN
-66.41666667	64.95	1937	NaN	-10.08	NaN	-15.9
-66.53333333	93.01666667	10	NaN	-19	NaN	-12.4
-66.56240278	93.27406389	652	1985-01-01	-19.03	-145.89	-17.4
-66.66666667	140.0166667	NaN	1987-01-01	NaN	-146	-10
-66.66666667	140.0166667	40	NaN	-16.9	NaN	-11.2
-66.66666667	140.0166667	NaN	1977-01-01	-18.01	-138.18	-10.8
-66.68983889	139.9193556	40	1973-01-01	NaN	-153.3	-11.2
-66.7	139.9166667	220	NaN	-19.7	NaN	-14.5
-66.70658889	139.8531694	220	1973-01-01	NaN	-149.9	-14.5
-66.70672778	139.8488139	230	1973-01-01	NaN	-154.8	-15.6
-66.71173333	139.8308833	270	1973-01-01	NaN	-153.3	-14.3
-66.71666667	139.9166667	230	NaN	-20	NaN	-15.6
-66.72027778	112.8361111	1390	1977-01-01	-21.89	NaN	-22
-66.72194444	113.1994444	1276	1987-01-01	-20.37	NaN	NaN
-66.72388889	112.8069444	1270	1992-01-01	-20.49	-159	NaN
-66.72388889	113.2061111	1270	1992-01-01	-20.46	NaN	NaN
-66.72917222	112.8355333	1390	1969-01-01	-21.24	NaN	NaN
-66.73	112.83	1390	1984-01-01	-21.1	-167	-21.2
-66.73196111	139.7433222	405	1973-01-01	NaN	-153.8	-16.1
-66.73333056	139.6833333	405	NaN	-20.2	NaN	-16.1
-66.73333056	112.8333306	1390	NaN	-22.8	NaN	-21.3
-66.73908611	139.7143028	460	1973-01-01	-19.59	-145.5	-16.3
-66.74036944	139.7091889	470	1973-01-01	NaN	-148	-17.8
-66.75	139.5833333	470	NaN	-19.5	NaN	-17.8
-66.75	139.6666667	460	NaN	-20	NaN	-16.3
-66.76168889	139.6182972	615	1973-01-01	NaN	-148.5	-17.5
-66.76972222	112.8069444	1379	1987-01-01	-21.66	-170.22	NaN
-66.76972222	112.8069444	NaN	1987-01-01	-21.87	NaN	NaN
-66.77277778	112.4580556	NaN	1997-01-01	-23.32	NaN	NaN
-66.77361111	112.7594444	1361	1997-01-01	-21.8	NaN	NaN
-66.77416667	112.35725	1200	1997-01-01	-23.83	NaN	NaN
-66.77472222	112.8019444	NaN	1992-01-01	-22.04	NaN	NaN
-66.77555556	112.2391667	1138	1997-01-01	-24.62	NaN	NaN
-66.77555556	112.5288889	1297	1997-01-01	-23.1	NaN	NaN
-66.77555556	112.2319444	1140	1997-01-01	-23.04	NaN	NaN
-66.77611111	112.8013889	1369	1997-01-01	-22.25	NaN	NaN
-66.77722222	112.8113889	NaN	1997-01-01	-22.12	NaN	NaN
-66.79050278	139.4970139	680	1973-01-01	NaN	-149.9	-19.3
-66.80903889	139.4174861	730	1973-01-01	NaN	-142.5	-18.2
-66.81666667	139.3666667	680	NaN	-19.7	NaN	-19.3
-66.82238889	139.361925	790	1973-01-01	NaN	-146.7	-19.8
-66.83333056	139.3166667	850	1973-01-01	NaN	-155.4	-19.4
-66.83333056	139.25	790	NaN	-19.3	NaN	-19.8
-66.83333056	139.3166667	975	NaN	-22	NaN	-19.8
-66.9	-63.53	50	1990-01-01	-22.5	-174.3	-13
-66.91098056	91.75383889	983	1998-12-29	-24.04	NaN	-18.3
-66.91666667	139.2666667	985	NaN	-22.1	NaN	-22
-66.94446667	139.1842056	975	1973-01-01	-21.73	-167.2	-19.8
-67.08333056	139.2666667	1210	NaN	-21.8	NaN	-24.2
-67.10347778	138.98905	1210	1973-01-01	NaN	-175.4	-22.4
-67.22163889	138.8422056	1320	1973-01-01	NaN	-194.8	-23.3
-67.22518611	94.02713611	NaN	NaN	-27.98	-221.36	-24.5
-67.23213056	88.24498889	837	1999-01-08	-22.99	NaN	-17.4
-67.32075833	138.7180111	1410	1973-01-01	-26.05	-201.9	-24
-67.33	-64.12	50	1990-01-01	-22.8	-175.2	-13.1
-67.34054167	93.51574167	570	1988-01-01	-19.59	NaN	-18.5
-67.33333333	93.43	1480	1990-01-01	-20.9	-164.6	-20.9
-67.36666667	139.2833306	1480	NaN	-25.8	NaN	-26.9
-67.4289	93.3847	NaN	NaN	-27.4	-215.7	NaN
-67.433	93.383	1416	1988-01-01	-27.95	-221.3	-24.5
-67.43333056	139.2833306	1530	NaN	-28.2	NaN	-27.4
-67.45058333	138.5536056	1550	1973-01-01	NaN	-214.2	-25.4
-67.51666667	139.3	1610	NaN	-27	NaN	-28.3
-67.51801944	92.18551111	1550	1998-12-29	-27.6	NaN	NaN
-67.53333056	66	1750	NaN	-18.7	NaN	-16.5
-67.57	-68.13	5	2000-01-01	-13.73	-110.9	-4.3
-67.58350556	138.3819056	1660	1973-01-01	NaN	-218.8	-26.9
-67.61666667	139.2166667	1670	NaN	-26.7	NaN	-28.9
-67.66417222	94.52592222	1735	1985-01-01	-30.18	-237.23	-27.4
-67.66666667	45.83333056	NaN	NaN	-20.1	NaN	-10.9
-67.7	93.65	1850	1990-01-01	-25.3	-202.9	-24.1
-67.71	109.7833333	1386	1984-01-01	-25.7	-202.2	-24
-67.72413056	83.65855	494	1999-01-07	-24.78	NaN	-12.5
-67.76666667	68.91666667	377	NaN	-14.92	NaN	-7.7
-67.78	-64.7	80	1990-01-01	-22.2	-174.4	-13.4
-67.84298333	138.0413806	1795	1973-01-01	NaN	-221.7	-28.2
-67.8597	93.7503	NaN	NaN	-30.13	-239.5	NaN
-67.87936111	94.770425	1880	1985-01-01	-31.68	-252.23	-28.8
-67.91095	88.34568889	1406	1999-01-08	-29.37	NaN	-22.3
-67.91666667	139.3166667	1830	NaN	-29.1	NaN	-30.4
-67.99415833	137.8398472	1850	1973-01-01	-30.39	-231.4	-28.8
-68.0006	92.55763056	1822	1998-12-29	-30.51	NaN	-26.9
-68.00381944	81.00393889	611	1999-01-07	-21.42	NaN	-15.5
-68.00546944	83.64908056	981	1999-01-07	-25.29	NaN	-18.5
-68.08	93.83	2080	1990-01-01	-29.4	-229.6	-27.7
-68.13013333	137.6556056	1935	1973-01-01	NaN	-235.4	-29.8
-68.16357778	113.2624639	1280	NaN	-25.74	NaN	-21.8
-68.18333056	67	380	NaN	-15.25	NaN	-8.1
-68.262275	137.473925	2050	1973-01-01	NaN	-254.6	-32.1
-68.32527778	114.3775889	1432	NaN	-26.29	NaN	-23.9
-68.35016944	83.99831111	1425	1998-12-30	-28.4	NaN	-21
-68.38878889	88.60341111	1733	1999-01-08	-31.89	NaN	-25
-68.39581667	95.35723333	2131	1985-01-01	-33.72	-267.14	-32.7
-68.406	112.2104	1607	NaN	-26.5	NaN	-26.8
-68.41	112.21	1630	1984-01-01	-30.2	-239.2	-26.8
-68.42	-65.25	200	1990-01-01	-23.7	-182.7	-14.3
-68.42703056	92.86826111	2075	1998-01-12	-32.48	NaN	NaN
-68.47411944	137.1786889	2220	1973-01-01	-32.93	-252.5	-34.3
-68.483	109.663	1884	NaN	-30.44	NaN	-29.7
-68.486	97.187	2322	NaN	-33.32	NaN	-31.9
-68.493	102.176	2119	NaN	-35.13	NaN	-31.3
-68.498	95.948	2259	NaN	-32.22	NaN	-32.6
-68.499	104.684	2300	NaN	-35.44	NaN	-34.9
-68.501	110.851	1784	NaN	-28.45	NaN	-28.9
-68.501	103.42	2256	NaN	-35.91	NaN	-33.9
-68.506	98.438	2050	NaN	-33.18	NaN	-34
-68.511	100.928	2025	NaN	-35.55	NaN	-31.6
-68.523	99.687	1980	NaN	-30.84	NaN	-31.8
-68.547	137.067	2280	1996-01-01	-32.52	-247.48	-36.2
-68.59293056	113.3280333	1627	NaN	-28.68	NaN	-27.2
-68.65	60.25	1830	1992-01-01	-35.86	NaN	NaN
-68.65498611	61.11988333	1832	1990-01-01	-32.43	-255.38	-29.9
-68.69934167	136.8568611	2280	1973-01-01	NaN	-261.3	-36.9
-68.71429722	95.7191	2403	1985-01-01	-36.85	-292.33	-34.6
-68.72	-65.43	1200	1990-01-01	-23.3	-179.9	-15.8
-68.728025	135.3132444	2350	2002-01-01	-33.63	-264.41	-38.5
-68.74232778	136.7941056	2290	1973-01-01	-35.29	-269.7	-37.9
-68.76189444	135.6727611	2344	2002-01-01	-36.41	-287.47	-38.5
-68.76666667	60.93333056	290	NaN	-17.9	NaN	-14.9
-68.778	84.28333333	1800	1998-12-28	-30.56	NaN	-24.5
-68.7833	94.28333333	NaN	NaN	-34.38	-272	NaN
-68.78333333	-65.37	1250	1990-01-01	-23.6	-183	-16
-68.80291667	114.4142833	1727	NaN	-29.71	NaN	-28
-68.8344	88.9341	2048	1998-01-12	-33.94	NaN	NaN
-68.84584722	136.6433167	2305	1973-01-01	NaN	-278.7	-37.6
-68.83333333	94.62	2400	1990-01-01	-32	-248.6	-31
-68.85738611	136.3729361	2349	2002-01-01	-36.21	-286.97	-38.5
-68.91031944	78.84991111	933	1998-12-31	-26.21	NaN	-18.3
-68.91267778	136.7145278	2338	2002-01-01	-35.64	-284.49	-38.5
-68.93823889	61.10863056	1997	1990-01-01	-34.16	-268.96	-30.9
-68.94	136.93	2333	2002-01-01	-38.65	NaN	-38.5
-68.95	-65.43	1350	1990-01-01	-24.5	-189.7	-16.5
-68.9675	60.02888889	2132	1990-01-01	-31.47	-246.63	NaN
-68.97273889	87.29045	2047	1998-01-12	-32.44	NaN	NaN
-68.9826	125.6397972	2204	NaN	-32.5	NaN	-32.8
-68.98723333	126.9377667	2167	NaN	-31.35	NaN	-32.7
-68.993325	128.227375	2135	NaN	-29.81	NaN	-32.5
-69.00023333	115.495675	1828	NaN	-30.65	NaN	-29.4
-69.00037222	124.3469806	2206	NaN	-31.35	NaN	-32.4
-69.00488889	119.2842472	1884	NaN	-30.26	NaN	-28.9
-69.00581667	130.8071972	2155	NaN	-33.2	NaN	-33.3
-69.00626389	121.8084917	2042	NaN	-28.78	NaN	-30.5
-69.00664444	123.0569889	2135	NaN	-32.09	NaN	-31.5
-69.00803333	116.7462528	1828	NaN	-29.26	NaN	-29.1
-69.01	130.81	2197	NaN	-33.72	-262.48	-33.3
-69.01322778	120.5530778	1974	NaN	-32.46	NaN	-29.7
-69.01730278	129.5089639	2105	NaN	-32.15	NaN	-32.8
-69.02045	117.9949972	1834	NaN	-30.26	NaN	-28.9
-69.07	-65.33	1400	1990-01-01	-23.5	-180.4	-17
-69.13096944	85.99853056	2078	1998-12-23	-32.82	NaN	-28
-69.14141667	137.1759167	2376	2002-01-01	-35.18	-277.36	-38
-69.15175	136.216	2425	1995-01-01	-37.85	-301.88	-38
-69.17	-65.28333333	1700	1990-01-01	-24.2	-187.3	-17.3
-69.17049722	96.23744722	2587	1985-01-01	-37.46	-294.37	-37.1
-69.20293889	79.7891	1447	1998-12-31	-29.24	NaN	-22.3
-69.22314167	61.09493611	2180	1990-01-01	-34.08	-268.21	-32.5
-69.2244	137.41895	2404	2002-01-01	-35.98	-282.99	-37.6
-69.27876111	84.56458889	2048	1998-01-06	-34.27	NaN	NaN
-69.29486667	138.15375	2373	2002-01-01	-35.41	-278.9	-38
-69.33018333	138.5264333	2361	2002-01-01	-37.69	-296.73	-38.1
-69.348	111.856	2119	NaN	-32.5	NaN	-33.8
-69.33333333	110.8333333	2307	1981-01-01	-32.88	NaN	NaN
-69.33333333	111.8333333	2119	1984-01-01	-32.3	-253.1	-33.8
-69.35049167	135.8846667	2325	1973-01-01	NaN	-291.8	-39.5
-69.3542	95	NaN	NaN	-36.93	-289.25	NaN
-69.41171667	139.2309833	2350	2002-01-01	-35.76	-281.3	-38.2
-69.41361111	60.03111111	2381	1990-01-01	-35.39	-278.66	NaN
-69.43	95.12	2650	1990-01-01	-37.9	-298.7	-35.5
-69.4328	76.34086667	500	NaN	-20.49	NaN	NaN
-69.44028056	135.7450278	2340	1973-01-01	NaN	-288.3	-40.4
-69.46666667	71.41666667	64	NaN	-19	NaN	-20.1
-69.48836667	139.6030833	2334	2002-01-01	-36.63	-289.46	-38.8
-69.49968056	80.74903889	1764	1998-12-31	-31.41	NaN	-25.1
-69.5	66.26666667	870	NaN	-16.8	NaN	-12.9
-69.5	159.4166667	NaN	NaN	-9.5	NaN	-4.1
-69.50390556	61.1206	2328	1990-01-01	-36.92	-290.64	-34.1
-69.54166667	49.93333056	1958	1974-01-01	-34.9	NaN	-31.7
-69.54891667	135.5735	2360	1973-01-01	NaN	-287	-41.2
-69.57041667	135.5404472	2365	1973-01-01	NaN	-288.2	-41.4
-69.58333056	48.83333056	2165	1980-01-01	-33.78	NaN	NaN
-69.59840833	135.4955639	2370	1973-01-01	NaN	-294	-41.6
-69.60948333	96.73623333	NaN	NaN	-38.06	-299.48	-38.1
-69.68	-65.22	1600	1990-01-01	-24.1	-188.3	-19.6
-69.6824	81.4164	1973	1998-01-06	-31.83	NaN	NaN
-69.733	95.5	2741	1985-01-01	-40.25	-307.3	-38.8
-69.73333056	95.51666667	2740	NaN	-37.7	NaN	-37.4
-69.73916667	140.0374333	2340	2002-01-01	-36.95	-293.07	-38.6
-69.7456	95.5303	NaN	NaN	-38.63	-304	NaN
-69.77	95.37	2720	1990-01-01	-36	-283.4	-38
-69.78596111	61.12463611	2500	1990-01-01	-35.8	-279.9	-35.2
-69.78333333	112.01	2310	1984-01-01	-33.1	-261.1	-35.8
-69.83978333	140.2242167	2331	2002-01-01	-37.88	-298.78	-38.9
-69.86333333	59.80166667	2620	1990-01-01	-35.55	-278.93	NaN
-69.92035	76.48975	1038	1994-01-01	-26.74	NaN	NaN
-69.925	76.49166667	1040	1990-01-01	-28.04	-219.38	NaN
-69.93656944	97.10787778	2794	1985-01-01	-40.63	-319.83	-40.2
-70	75.33333056	595	NaN	-12.6	NaN	-12.1
-70.01666667	64.48333056	2131	NaN	-27.13	NaN	-21
-70.01666667	134.8166667	2430	1973-01-01	-39.43	-300.8	-42.1
-70.01666667	134.8166667	2430	NaN	-39	NaN	-42.1
-70.02271944	134.8353889	2500	1995-01-01	-40.45	-317.93	-40.8
-70.06301667	140.6397	2299	2002-01-01	-36.9	-293.3	-39.9
-70.067325	61.13342778	2628	1990-01-01	-36.02	-282.56	-38.7
-70.15	111.83	2433	1984-01-01	-38.3	-303.7	-37.7
-70.155	111.8353	2434	NaN	-35.7	NaN	-37.7
-70.17578333	140.85115	2282	2002-01-01	-41.2	-325.25	-40.7
-70.18	95.58	2820	1990-01-01	-37.1	-290.8	-39.7
-70.1844	97.0264	NaN	NaN	-39.85	-313.5	NaN
-70.214	134.823	2500	1996-01-01	-38.94	-305.06	-40.8
-70.22166667	46.57333333	2405	1974-01-01	-38.3	NaN	-35.3
-70.24166667	-4.811111111	63	1998-01-01	-23.04	NaN	-17.5
-70.2583	76.67988333	1387	1994-01-01	-29.04	NaN	NaN
-70.26	76.68833333	1386	1990-01-01	-30.11	-235.86	NaN
-70.30944444	59.77333333	2739	1990-01-01	-41.4	-324.75	NaN
-70.35218611	61.12078056	2612	1990-01-01	-39.68	-310.85	-40
-70.35835	158.4196667	1723	2002-01-01	-29.3	-230.71	-26.4
-70.37555556	97.60666667	2864	1985-01-01	-40.24	-315.85	-41.3
-70.42	-64.73	1950	1990-01-01	-27.3	-211.8	-19.8
-70.43253333	141.1033667	2256	2002-01-01	-37.91	-301.38	-41.8
-70.44	111.74	2525	1984-01-01	-37.2	-292.5	-37.2
-70.444	111.741	2525	NaN	-36.4	NaN	-39
-70.4454	79.31668889	2044	1998-01-06	-32.04	NaN	NaN
-70.45	97.83333333	2760	NaN	-40.67	NaN	-39
-70.4522	97.8458	NaN	NaN	-38.7	-302.4	NaN
-70.52288333	158.6355833	2185	2002-01-01	-28.58	-224.64	-36.9
-70.53333333	95.72	2870	1990-01-01	-40.9	-322.6	-41.1
-70.56455	141.18525	2248	2002-01-01	-37.28	-292.86	-42.2
-70.57297222	133.8766056	2490	1973-01-01	NaN	-295.7	-42.3
-70.576	76.86833333	1650	1990-01-01	-31.63	-249.23	NaN
-70.58666667	-60.925	NaN	1986-01-01	-19.48	NaN	NaN
-70.60283333	-8.364166667	39	NaN	-18.57	-145	NaN
-70.61194722	60.78303611	2580	1990-01-01	-40.46	-318.81	-40.1
-70.61666667	60.73333056	396	NaN	-19.61	NaN	-17.5
-70.65	-8.25	40	2000-01-01	-20.85	-158.59	-16
-70.66666667	-64.86666667	2002	1988-01-01	-24.64	NaN	-21
-70.68	158.86	1947	2002-01-01	-31.23	NaN	-31.8
-70.6842	158.8624833	1946	2002-01-01	-30.97	-243.12	-31.9
-70.68527778	59.06666667	2753	1990-01-01	-41.05	-321.33	NaN
-70.71729167	133.622625	2545	1973-01-01	NaN	-304.9	-42.6
-70.75	111.56	2623	1984-01-01	-40	-314.4	-41.8
-70.755	111.566	2621	NaN	-38.9	NaN	-41.8
-70.75601667	158.7005	1947	2002-01-01	-32.16	-254.06	-31.9
-70.78871944	98.07611389	2992	1985-01-01	-40.87	-321.13	-43.5
-70.81411667	141.34535	2247	2002-01-01	-37.94	-298.25	-42.2
-70.81696667	158.5563	1954	2002-01-01	-32.8	-258.25	-32.1
-70.83333056	64.45	1987	NaN	-26.48	NaN	-21.4
-70.83465	77.0755	1850	1994-01-01	-33.12	NaN	NaN
-70.83465	77.0755	1850	1994-01-01	-33.39	NaN	NaN
-70.8355	77.07916667	1851	1990-01-01	-32.31	-255.16	-28.2
-70.85005833	60.31004722	2575	1990-01-01	-39.94	-313.28	-40
-70.862725	133.35675	2580	1973-01-01	NaN	-311.3	-42.9
-70.87	141.38	2244	2002-01-01	-38.76	NaN	-42.3
-70.88333056	64.95	1835	NaN	-25.77	NaN	-20.2
-70.89871667	158.44465	1964	2002-01-01	-31.47	-247.94	-32.3
-70.8989	99.1631	NaN	NaN	-41.5	-321	NaN
-70.93081667	141.5141	2247	2002-01-01	-38.9	-306.28	-42.3
-70.94833333	-8.5205	57	NaN	NaN	NaN	-18.1
-70.95	95.9	2980	1990-01-01	-43	-335.1	-42.5
-70.97	-64.68	2000	1990-01-01	-28.3	-220.6	-21.3
-70.99371667	158.3660833	1993	2002-01-01	-32.52	-255.89	-33
-71.04395278	59.66213889	2610	1990-01-01	-40.84	-320.37	-40.3
-71.04402222	12.33233333	848	NaN	-26.54	NaN	NaN
-71.06777778	58.3075	2817	1990-01-01	-39.39	-307.86	NaN
-71.07826944	11.59918056	1008	NaN	-27.92	NaN	NaN
-71.07993333	158.3223333	2021	2002-01-01	-34.37	-273.58	-33.7
-71.09542222	77.28878056	1988	1990-01-01	-34.81	-274.93	-28.5
-71.11070833	1.646266667	1013	NaN	-27.09	NaN	NaN
-71.11120278	132.89595	2630	1973-01-01	NaN	-319.7	-43.3
-71.11666667	62.33333056	1050	NaN	-25.94	NaN	-16.6
-71.11666667	139.25	2510	NaN	-41.3	NaN	-43.9
-71.14313056	11.69351111	1076	NaN	-28.48	NaN	NaN
-71.14931667	141.9941667	2169	2002-01-01	-40.07	-312.16	-41.7
-71.17	111.365	2696	NaN	-38.6	NaN	-43.4
-71.17	111.36	2696	1984-01-01	-39.5	-312.5	-43.4
-71.17703333	158.2829167	2049	2002-01-01	-32.36	-254.27	-34.4
-71.19166667	4.597222222	800	1998-01-01	-26.81	NaN	-20.3
-71.193275	98.53578056	3080	1985-01-01	-41.45	-326.54	-45.1
-71.20865	-6.791480556	600	NaN	-20.22	NaN	NaN
-71.23333056	63.36666667	1752	NaN	-26.68	NaN	-22.1
-71.23616667	-8.533	70	NaN	-24.31	NaN	-18.3
-71.24025	132.5984806	2735	1995-01-01	-41.55	-327.54	-42
-71.24545	158.4618167	2070	2002-01-01	-32.41	-256.41	-34.8
-71.25	64.5	2010	NaN	-25.43	NaN	-23.7
-71.25066389	-8.653219444	70	NaN	NaN	NaN	-18.3
-71.2534	11.12266667	1315	NaN	-28.85	NaN	NaN
-71.254	142.25085	2176	2002-01-01	-39.34	-308.82	-41.7
-71.28	-65.72	1650	1990-01-01	-25	-195.2	-20.7
-71.28194167	46.31	2596	1974-01-01	-42.4	NaN	-38.2
-71.28608611	59.20720278	2616	1990-01-01	-41.02	-321.98	-40.8
-71.28333333	67.48333056	290	NaN	-13.19	NaN	-8.4
-71.33	96.02	3090	1990-01-01	-44.6	-351	-43.9
-71.33158333	158.5580167	2102	2002-01-01	-31.31	-247.49	-35.4
-71.35397778	132.437875	2700	1973-01-01	NaN	-332.9	-44.2
-71.36068333	77.51138611	2133	1990-01-01	-36.3	-288.11	-30.7
-71.38333056	65.5	1547	NaN	-23.9	NaN	-20
-71.38695	142.95665	2164	2002-01-01	-42.84	-336.07	-41.6
-71.40166667	-8.347166667	75	NaN	-24.16	-187.04	-18.3
-71.41691667	158.5865333	2121	2002-01-01	-33.89	-268.64	-35.7
-71.44218333	143.31225	2155	2002-01-01	-40.52	-319.18	-41.8
-71.45156667	-9.85745	630	NaN	-20.12	NaN	NaN
-71.4675	57.80694444	2818	1990-01-01	-39.9	-312	NaN
-71.47770278	96.16246667	2110	1988-01-01	-34	NaN	-37.9
-71.48333056	66.96666667	946	NaN	-18	NaN	-13.1
-71.49838333	143.6991833	2147	2002-01-01	-37.32	-293.01	-42.1
-71.51838333	158.6198	2148	2002-01-01	-33.62	-266.04	-36.2
-71.53568889	-8.280602778	78	NaN	-23.98	NaN	NaN
-71.55256667	144.0864333	2159	2002-01-01	-34.18	-271.36	-41.6
-71.57091667	59.16203056	2582	1990-01-01	-40.98	-321.75	-40.9
-71.58333333	111.25	2759	1984-01-01	-42.7	-336.3	-44.7
-71.603	111.252	2759	NaN	-40.6	NaN	-44.7
-71.60441667	144.4591167	2143	2002-01-01	-37.44	-297.06	-42.3
-71.60561667	158.6512167	2169	2002-01-01	-34.28	-270.19	-36.6
-71.60643611	99.00522778	3184	1985-01-01	-46.08	-361.32	-47.2
-71.62053611	77.73090833	2209	1990-01-01	-36.61	-289.52	-31.7
-71.63333056	101.8333306	2979	NaN	-43.23	NaN	-47.5
-71.6406	101.828	NaN	NaN	-42.55	-333.03	NaN
-71.65033056	131.8176	2843	1995-01-01	-42.85	-338.79	-43.3
-71.66025	144.86795	2144	2002-01-01	-38.21	-302.13	-42.3
-71.68383333	-8.5	113	NaN	-26.15	-206.15	-18.3
-71.69491667	158.6446333	2177	2002-01-01	-33.24	-263.15	-36.8
-71.7	64.08333056	1886	NaN	-24.72	NaN	-20.4
-71.7	96.28	3180	1990-01-01	-44.3	-353.4	-45.3
-71.70093889	131.7512278	2770	1973-01-01	NaN	-331.5	-45.6
-71.71	145.26	2143	2002-01-01	-38.43	NaN	-42.3
-71.7117	145.2631	2143	2002-01-01	-42.49	-333.96	-42.3
-71.725	48.67666667	2880	1974-01-01	-44.8	NaN	-42.4
-71.78408333	158.5947667	2177	2002-01-01	-33.91	-267.61	-36.8
-71.8112	145.5749667	2146	2002-01-01	-37.42	-297.91	-42.4
-71.832	-8.611333333	298	NaN	NaN	-185.46	-18.9
-71.832	-8.611333333	298	NaN	-26.43	-206.89	-18.9
-71.8325	44.7625	2613	1974-01-01	-44.5	NaN	NaN
-71.83333056	140.25	2470	NaN	-42.5	NaN	-44.2
-71.85083611	59.30881944	2504	1990-01-01	-41.2	-322.44	-39.8
-71.880825	77.95130278	2325	1990-01-01	-38.62	-306.51	-33.1
-71.88333056	77.43333056	2325	1996-01-01	-38.3	NaN	NaN
-71.887	158.5369333	2185	2002-01-01	-34.29	-273.01	-36.9
-71.89	158.53	2184	2002-01-01	-35.61	NaN	-36.9
-71.8972	103.308	NaN	NaN	-42.8	-337.9	NaN
-71.8972	103.308	NaN	NaN	-42.1	-328.4	NaN
-71.89888889	57.485	2808	1990-01-01	-39.83	-312.29	NaN
-71.9	4.597222222	1520	1998-01-01	-33.36	NaN	-25.6
-71.903975	131.335125	2810	1973-01-01	-43.45	-330.3	-46.5
-71.90773333	77.99208333	2345	NaN	-39.31	NaN	NaN
-71.91008333	158.41555	2180	2002-01-01	-34.31	-271.89	NaN
-71.93386111	158.5235167	2188	2002-01-01	-37.34	-295.99	-37
-71.98	-65.28333333	1250	1990-01-01	-23.3	-185.1	-18.1
-71.98333056	-8.724666667	559	NaN	-24.25	-189.95	-19.7
-71.98333056	-8.724666667	559	NaN	-27.02	-212.99	-19.7
-71.989	131.177	2883	1996-01-01	-44.5	-350.85	-43.8
-71.99536667	146.2041167	2145	2002-01-01	-36.14	-286.46	-42.3
-72.02258333	158.5091833	2196	2002-01-01	-38.93	-307.26	-37.3
-72.03681667	99.49423333	3279	1985-01-01	-45.65	-356.82	-47.1
-72.04	110.92	2811	1984-01-01	-43.4	-343.2	-46.7
-72.044	110.917	2811	NaN	-43.3	NaN	-46.7
-72.05318333	157.67495	2173	2002-01-01	-37.12	-295.36	NaN
-72.08718333	146.5267833	2156	2002-01-01	-38.02	-301.29	-42.6
-72.0915	58.833175	2557	1990-01-01	-43.33	-341.09	-40.9
-72.08333333	143.1833306	2360	NaN	-39.8	NaN	-44.3
-72.11243333	158.4908833	2208	2002-01-01	-33.15	-260.9	-37.7
-72.11666667	145.8833306	2290	NaN	-38.2	NaN	-42.3
-72.11728333	157.29705	2167	2002-01-01	-34.27	-271.77	NaN
-72.133	96.583	3252	1985-01-01	-45.69	-356.8	-47.1
-72.13333056	148.1833333	2220	NaN	-35.7	NaN	-41.5
-72.13333056	96.58333333	3250	NaN	-42.8	NaN	-47.4
-72.13361111	4.175277778	2044	1998-01-01	-33.4	NaN	-28.1
-72.15058056	77.94978056	2349	1990-01-01	-38.63	-304.38	-33.3
-72.16216667	-8.823666667	788	NaN	-25.19	-196.34	-21.7
-72.16216667	-8.823666667	788	NaN	-28.43	NaN	-21.7
-72.17931667	146.8504167	2165	2002-01-01	-36.65	-288.99	-42.7
-72.1858	105.386	NaN	NaN	-42.53	-340.5	NaN
-72.19526667	158.5737667	2221	2002-01-01	-38.47	-304.96	-38.2
-72.2	60.33333056	130	NaN	-21.42	NaN	-17.6
-72.23	-65.48	1250	1990-01-01	-25.3	-199.7	-18.1
-72.25111111	2.891111111	2400	1998-01-01	-33.42	NaN	-30.3
-72.2517	156.5273	2168	2002-01-01	-37.78	-299.33	NaN
-72.27048333	147.1760667	2169	2002-01-01	-42.67	-336.3	-42.8
-72.27888889	56.72805556	2876	1990-01-01	-44.18	-345.68	NaN
-72.28155	158.6612	2234	2002-01-01	-33.98	-269.71	-38.6
-72.29616667	156.0772	2155	2002-01-01	-37.25	-296.46	-40.4
-72.30490556	130.4816917	2870	1973-01-01	NaN	-353.5	-47.6
-72.32803611	58.32953611	2612	1990-01-01	-42.25	-333.08	-40.9
-72.33198333	147.5127	2175	2002-01-01	-37.74	-299.71	-43
-72.33954167	130.4117944	2875	1973-01-01	NaN	-332.2	-47.3
-72.34906667	155.2058	2141	2002-01-01	-35.46	-280.78	-40.9
-72.36818333	158.7394333	2247	2002-01-01	-37.72	-297.26	-39.1
-72.37	158.75	2246	1996-01-01	-35.98	NaN	-38.1
-72.37406667	154.7697833	2126	2002-01-01	-35.03	-275.64	-41.5
-72.38	110.74	2868	1984-01-01	-42.9	-337.5	-47.9
-72.39	154.48	2126	2002-01-01	-36.28	NaN	-41.5
-72.41068333	77.72342778	2420	1990-01-01	-38.51	-303.41	-34.7
-72.42626667	148.3507667	2155	2002-01-01	-37.69	-297.21	-42.9
-72.42936667	153.90335	2132	2002-01-01	-35.46	-282.64	-41.5
-72.43	110.7	2875	1984-01-01	-44.7	-352	-48.3
-72.45	-12.55	300	1989-01-01	-24.43	NaN	-18.5
-72.45338333	158.8029667	2267	2002-01-01	-36.65	-289.38	-39.8
-72.45881667	153.4696833	2135	2002-01-01	-35.93	-284.74	-41.5
-72.46666667	141.3333333	2500	NaN	-40.5	NaN	-44
-72.46877778	130.1246861	2895	1973-01-01	NaN	-342.5	-48.1
-72.47	96.75	3320	1990-01-01	-43.9	-344.2	-47.1
-72.4773	148.7655	2152	2002-01-01	-37.12	-292.52	-42.9
-72.5	72.83333056	488	NaN	-16.55	NaN	-13.3
-72.5	3	2610	1998-01-01	-38.4	NaN	-34.8
-72.50466667	-9.093	941	NaN	NaN	NaN	-21.6
-72.50466667	-9.093	941	NaN	-24.93	-198.34	-21.6
-72.50963333	152.5919833	2146	2002-01-01	-36.82	-289	-41.4
-72.5364	107.058	NaN	NaN	-43.8	-343.7	NaN
-72.53801667	152.0632167	2153	2002-01-01	-37.52	-296.16	-41.5
-72.54125	158.8757667	2279	2002-01-01	-38.5	-305.88	-40.2
-72.53333333	-65.92	1000	1990-01-01	-26.6	-203.8	-16.4
-72.56978889	57.84646111	2696	1990-01-01	-41.84	-328.26	-42.4
-72.57001667	149.6072	2135	2002-01-01	-36.91	-293.67	-42.8
-72.57048611	100.1006028	3364	1985-01-01	-48.82	-383.96	-51
-72.57501667	151.3238333	2151	2002-01-01	-38.25	-302.92	-41.6
-72.59598333	150.8769167	2137	2002-01-01	-38.29	-303.68	-42.8
-72.58333333	12.43333056	700	1989-01-01	-25.71	NaN	-21
-72.61731667	150.0302833	2136	2002-01-01	-37.87	-298.81	-42.8
-72.62958333	158.9549167	2299	2002-01-01	-35.76	-279.94	-40.9
-72.63	150.17	2137	2002-01-01	-37.99	NaN	-42.8
-72.65	-16.63333056	30	1989-01-01	-21.8	NaN	-16.7
-72.65138889	55.93472222	2862	1990-01-01	-44.86	-351.81	NaN
-72.67130833	77.49398056	2547	1990-01-01	-39.52	-312.89	-34.5
-72.67833333	3.662777778	2751	1998-01-01	-40.42	NaN	-36.9
-72.69916944	129.6238806	3000	1995-01-01	-45.62	-358.34	-45.3
-72.71391667	159.0332	2311	2002-01-01	-36.47	-287.32	-41.3
-72.71497778	129.5629528	2935	1973-01-01	NaN	-355.8	-48.7
-72.73333056	-15.96666667	70	1989-01-01	-22.14	NaN	-18.5
-72.75	-15.5	34	2001-01-01	-21.4	-166.3	-19.8
-72.77	159.07	2316	2002-01-01	-36.83	NaN	-41.5
-72.774	129.465	3005	1996-01-01	-48.49	-378.62	-45.4
-72.78333056	64.5	1797	NaN	-25.4	NaN	-21.8
-72.78333333	159.0833333	2316	1996-01-01	-37.15	-292.3	-41
-72.80827778	57.33425	2691	1990-01-01	-43.4	-340.87	-42.3
-72.81666667	-12.18333333	800	1989-01-01	-26.97	NaN	-18.1
-72.81666667	57.33333056	2689	1993-01-01	-44.33	NaN	NaN
-72.821425	129.3157333	2960	1973-01-01	NaN	-359.3	-49.3
-72.83333056	64.5	539	NaN	-16.69	NaN	-13.3
-72.83793333	159.0147167	2312	2002-01-01	-38.16	-299.39	-41.6
-72.83333333	96.98	3380	1990-01-01	-46.4	-364.9	-48.3
-72.87	110.49	2945	1984-01-01	-42.8	-335.9	-49.8
-72.8914	108.789	NaN	NaN	-44.3	-353.8	NaN
-72.90635	158.8429833	2299	2002-01-01	-41.1	-323.01	-41.8
-72.92333333	-9.673666667	1040	NaN	-26.38	-208.87	-22
-72.92333333	-9.673666667	1040	NaN	NaN	-213.14	-22
-72.93126389	77.26309167	2514	1990-01-01	-41.27	-326.22	-36.2
-72.94471944	129.0322611	2990	1973-01-01	-48.54	-367.5	-50.4
-72.97222222	55.39111111	2860	1990-01-01	-45.65	-357.99	NaN
-72.98523056	128.931675	3000	1973-01-01	NaN	-359.7	-51.2
-72.98545	158.6687833	2282	2002-01-01	-38.35	-302.52	-42
-73.01693333	46.35833333	3039	1974-01-01	-47.9	NaN	-45.7
-73.04055556	5.060833333	2929	1998-01-01	-41.2	NaN	-40.1
-73.05119167	56.83733889	2734	1990-01-01	-41.01	-321.55	-43.2
-73.05250833	100.6482917	3421	1985-01-01	-49.27	-382.89	-52.3
-73.05438333	158.4989667	2261	2002-01-01	-36.72	-289.23	-42.3
-73.06666667	128.7333306	3010	1973-01-01	NaN	-353.1	-52.5
-73.06666667	128.7333306	3010	1973-01-01	-48.64	-371.6	-53.5
-73.06666667	128.7333306	3010	NaN	-47.9	NaN	-53.5
-73.08333333	-13.16666667	363	2001-01-01	-23.3	-183.1	-16.4
-73.08333333	165.47	2960	1995-01-01	-34.33	NaN	-33.1
-73.11666667	142.5	2515	NaN	-43.3	NaN	-46.5
-73.12971667	158.3024333	2251	2002-01-01	-37.84	-298.76	-42.5
-73.19111111	77.026975	2582	1990-01-01	-38.84	-306.04	-36.1
-73.20285	158.1242333	2248	2002-01-01	-41.24	-319.14	-42.5
-73.23	-66.78333333	1200	1990-01-01	-24.3	-188.6	-18.3
-73.23333056	110.45	2963	NaN	-44.16	NaN	-52.9
-73.24	110.46	2986	1984-01-01	-45.5	-357.1	-52.9
-73.27603333	157.9466167	2231	2002-01-01	-38.28	-300.52	-42.8
-73.29361111	54.845	2880	1990-01-01	-46.24	-361.75	NaN
-73.28333333	97.15	3430	1990-01-01	-47.6	-375.3	-49.6
-73.31468611	56.46515	2728	1990-01-01	-43.11	-336.9	-43.4
-73.34865	157.7600333	2208	2002-01-01	-39.17	-308.92	-43.1
-73.35883333	-9.683333333	1281	NaN	-29.96	NaN	-24.7
-73.36666667	77.01666667	2577	1997-01-01	-41.02	NaN	NaN
-73.39286944	128.1885806	3143	1995-01-01	-47.81	-374.99	-47.1
-73.42145	157.57345	2197	2002-01-01	-38.26	-301.64	-43.2
-73.43471667	-4.7317	2000	NaN	-36.47	NaN	NaN
-73.4414	111	NaN	NaN	-44.9	-357.3	NaN
-73.45194722	76.78799167	2529	1990-01-01	-41.37	-326.39	-36.2
-73.49149444	101.1470778	3471	1985-01-01	-48.73	-379.07	-53.4
-73.49158333	157.3770333	2195	2002-01-01	-39.75	-313.78	-43.1
-73.55956667	157.1901833	2188	2002-01-01	-39.02	-306.86	-43.1
-73.57265	56.06881389	2746	1990-01-01	-43.87	-343.66	-43.9
-73.58333333	-12.43333056	700	1991-01-01	-26.59	NaN	-22
-73.615	54.28833333	2910	1990-01-01	-43.48	-341.7	NaN
-73.63	160.15	1980	1993-01-01	-36.5	NaN	-35.1
-73.63693333	157.0048667	2171	2002-01-01	-39.12	-307.16	-42.8
-73.68	97.43	3490	1990-01-01	-49.8	-387.6	-50.7
-73.7	64.78333056	2007	NaN	-27.84	NaN	-23.8
-73.7	110.201	3046	NaN	-46.6	NaN	-52.2
-73.7	110.2	3046	1984-01-01	-45.6	-359.5	-52.2
-73.70751667	156.8048667	2129	2002-01-01	-43.26	-339.77	-42.3
-73.7167	113.783	NaN	NaN	-43.75	-350	NaN
-73.7193	76.87333056	2585	1990-01-01	-37.66	-298.11	-34.2
-73.72416667	7.940555556	3174	1998-01-01	-44.87	NaN	-44.6
-73.73333056	143.4666667	2540	NaN	-48.5	NaN	-46.9
-73.74972222	101.4404833	3498	1985-01-01	-51.22	-397.6	-52.6
-73.75	163.3333306	1560	1994-01-01	-33.53	NaN	-25.3
-73.76083333	54.02638889	2950	1990-01-01	-46.02	-360.68	NaN
-73.78153333	156.626	2107	2002-01-01	-40.45	-318.7	-42
-73.80833333	48.39833333	3200	1974-01-01	-50.4	NaN	-48.9
-73.83178056	55.66810556	2740	1990-01-01	-44.44	-346.62	-43
-73.83333333	165.0833333	150	1993-01-01	-24.78	NaN	-18.2
-73.85043333	156.4178167	2091	2002-01-01	-40.63	-323.17	-41.8
-73.92	163.75	1800	1992-01-01	-32.91	NaN	-29
-73.92231667	156.2244833	2086	2002-01-01	-41.98	-331.19	-41.7
-73.9281	115.614	NaN	NaN	-45.25	-358.2	NaN
-73.93	-67.5	1300	1990-01-01	-18.2	-140.1	-20
-73.97213611	76.54629722	2550	1990-01-01	-40.86	-322.41	-33.7
-73.99348333	156.0392333	2073	2002-01-01	-38.35	-304.45	-41.6
-74	-12	1200	1989-01-01	-30.41	NaN	-21.4
-74.02	155.9333333	2065	1999-01-01	-41.14	NaN	-41.8
-74.02533333	155.96	2065	1999-01-01	-41.88	-333.1	-41.6
-74.04286944	155.8287	2066	1999-01-01	-38.45	-306.7	-41.6
-74.03333333	-69.95	1450	1990-01-01	-25	-193.8	-20
-74.05388333	155.9148167	2052	2002-01-01	-40.56	-320.95	-41.3
-74.05708333	-9.858216667	NaN	NaN	-31.99	NaN	NaN
-74.06645833	155.6896139	2074	1999-01-01	-38.33	-300.6	-41.6
-74.06713889	156.0223111	2038	1999-01-01	-41.88	-334.09	-41.3
-74.08333056	97.48333056	3500	NaN	-47.8	NaN	-53.9
-74.08990833	155.5717	2077	1999-01-01	-40.54	-320.85	-41.7
-74.09813333	55.75435278	2704	1990-01-01	-41.77	-326.8	-42.7
-74.08333333	97.45	3499	1980-01-01	-51.06	-398.52	-52.6
-74.10892778	156.0834417	2026	1999-01-01	-43.97	-347.87	-41.2
-74.11	155.36	272	1983-01-01	-18.43	-141.9	-14.3
-74.11898333	155.4214167	2082	1999-01-01	-39.51	-315.29	-41.7
-74.13078333	155.8137667	2028	2002-01-01	-42.32	-335.46	-41
-74.14	155.17	534	1983-01-01	-18.6	-143.4	-17.3
-74.14	109.83	3093	1984-01-01	-47.8	-373.7	-52.4
-74.14381667	-9.67855	NaN	NaN	-32.85	NaN	NaN
-74.14404722	155.2880528	2087	1999-01-01	-40.71	-316.6	-41.8
-74.14555556	54.07527778	2920	1990-01-01	-41.88	-328.24	NaN
-74.14566944	101.8903694	3517	1985-01-01	-51.87	-402.64	-54.5
-74.15061389	156.1458278	2025	1999-01-01	-42.28	-334.99	-41.2
-74.15166944	123.0833333	3280	1995-01-01	-50.99	-399.15	-50.5
-74.15551667	-9.397716667	NaN	NaN	-32.99	NaN	NaN
-74.1761	117.722	NaN	NaN	-46.45	-368.45	NaN
-74.18851667	-9.155666667	NaN	NaN	-33.2	NaN	NaN
-74.19516944	155.0176583	2102	1999-01-01	-42.9	-330.88	-41.9
-74.205	-9.741666667	1439	NaN	-31.77	NaN	NaN
-74.21425	155.7370667	2025	2002-01-01	-40.88	-323.25	-40.9
-74.22010556	154.8809667	2109	1999-01-01	-40.75	-321.1	-42
-74.23363333	156.2664722	1994	1999-01-01	-41.81	-332.67	-40.8
-74.24391389	154.7417833	2113	1999-01-01	-43.62	-347.02	-42
-74.25	118.033	NaN	NaN	-45.75	-359.3	NaN
-74.25	164.0666667	800	1994-01-01	-27.25	NaN	-21.5
-74.25953333	76.16926389	2472	1990-01-01	-38.4	-303.86	-35.6
-74.26	154.78	848	1983-01-01	-19.49	-150.58	-19.4
-74.26650833	154.5981611	2121	1999-01-01	-42.01	-332.75	-42.1
-74.27548056	156.3313667	1967	1999-01-01	-42.62	-338.27	-40.6
-74.29033333	154.4776667	2126	1999-01-01	-39.7	-314.51	-42.2
-74.29636667	155.5698	2023	2002-01-01	-43.09	-344.64	-40.9
-74.31666667	156.3895	1957	1999-01-01	-39.61	-313.29	-40.5
-74.33333333	98	3500	1990-01-01	-51.7	-399.2	-52.6
-74.33333333	-11.71666667	1200	1989-01-01	-30.58	NaN	-20
-74.35444444	11.10361111	3341	1998-01-01	-46.32	NaN	-47.8
-74.356	125.455	3143	1996-01-01	-50.8	-395.34	-49.1
-74.36485	154.0430889	2145	1999-01-01	-40.67	-321.39	-42.4
-74.36494167	55.90863889	2662	1990-01-01	-46.11	-361.1	-42.7
-74.38333056	156.501	1914	1999-01-01	-42.69	-338	-40
-74.3863	155.4069667	2018	2002-01-01	-38.46	-305.91	-40.9
-74.39090833	153.9028778	2164	1999-01-01	-42.83	-339.16	-42.5
-74.399	7.2175	3161	1997-01-01	-47.11	-369.88	-45.9
-74.41456667	156.6179167	1898	1999-01-01	-43.43	-347.53	-39.9
-74.43703611	153.6147417	2171	1999-01-01	-42.64	-337.66	-42.6
-74.44463333	156.7399583	1888	1999-01-01	-40.55	-321.7	-39.8
-74.449	-9.180669444	2169	NaN	NaN	NaN	NaN
-74.45	144.25	2590	NaN	-47.3	NaN	-47.1
-74.45793611	153.4695417	2177	1999-01-01	-44.29	-351.21	-42.7
-74.46953333	155.2713333	2016	2002-01-01	-38.57	-307.05	-40.8
-74.47938056	75.87601667	2460	1990-01-01	-41.67	-329.26	-35.5
-74.48166667	-11.51666667	1160	2002-01-01	-30.4	-243.2	-20.6
-74.48300833	153.329975	2178	1999-01-01	-42.29	-337.63	-42.7
-74.4917	120.961	NaN	NaN	-48.75	-384.5	NaN
-74.4992	1.9608	2843	1998-01-01	-43.79	NaN	NaN
-74.4995	1.9612	2843	1997-01-01	-43.75	-342.91	-42.2
-74.5	123.1666667	3240	NaN	-50.3	NaN	-50.3
-74.50138889	54.235	2880	1990-01-01	-47.47	-372.22	NaN
-74.50666389	153.1887722	2195	1999-01-01	-38.42	-303.11	-42.9
-74.53183333	153.0288833	2195	1999-01-01	-43.23	-342.94	-42.9
-74.53884722	157.1016111	1829	1999-01-01	-42.13	-332.34	-39.2
-74.55433889	152.88525	2203	1999-01-01	-42.74	-339.68	-42.9
-74.56990833	157.2230111	1784	1999-01-01	-37.46	-298.56	-38.7
-74.57755833	152.7380583	2216	1999-01-01	-44.02	-350.28	-43.1
-74.58333333	163.05	650	1992-01-01	-25.48	NaN	-20.8
-74.60045278	152.5936083	2227	1999-01-01	-43.56	-341.81	-43.2
-74.60164444	157.3409667	1782	1999-01-01	-41.97	-332.27	-38.7
-74.62396389	152.452175	2236	1999-01-01	-38.85	-314.46	-43.3
-74.63200833	56.03830278	2682	1990-01-01	-43.48	-340.98	-42.2
-74.64	157.5	1776	1999-01-01	-36.92	NaN	-38.5
-74.64487778	157.5023028	1776	1999-01-01	-38.45	-305.88	-38.7
-74.64722222	12.79083333	3406	1998-01-01	-47.81	NaN	-49.3
-74.64873333	152.3101333	2238	1999-01-01	-43.07	-337.57	-43.3
-74.65351389	102.4673972	3529	1985-01-01	-51.67	-400.93	-54.8
-74.65835556	158.3405472	1614	1999-01-01	-41.94	-331.92	-37
-74.6672	4.0017	2980	1998-01-01	-49.39	-386.54	-44
-74.67529167	158.513575	1607	1999-01-01	-39.51	-314.52	-37
-74.67529722	158.6825361	1603	1999-01-01	-40.17	-319.2	-36.9
-74.67725556	158.8735444	1597	1999-01-01	-38.23	-304.8	-36.9
-74.68262778	159.0190111	1588	1999-01-01	-40.29	-315.97	-36.8
-74.68333056	164.5	50	1994-01-01	-23.92	NaN	-17.8
-74.68563056	159.1897528	1576	1999-01-01	-36.42	-289.12	-36.7
-74.68860278	159.3687111	1546	1999-01-01	-40.45	-320.07	-36.4
-74.69571111	152.0153444	2250	1999-01-01	-39.92	-316.16	-43.4
-74.69605	159.6990667	1509	1999-01-01	-36.88	-292.81	-36
-74.71851389	151.8714194	2272	1999-01-01	-38.32	-304.93	-43.6
-74.72908611	97.51399444	2700	1988-01-01	-36.6	NaN	-45.3
-74.73	98.68	3550	1990-01-01	-52	-407	-52.9
-74.7319	124.367	NaN	NaN	-47.4	-370.1	NaN
-74.73274167	75.53290556	2479	1990-01-01	-41.92	-331.66	-35.3
-74.73974167	151.7198278	2273	1999-01-01	-43.24	-342.02	-43.6
-74.7507	0.9998	2860	1998-01-01	-43.54	-341.78	-43.1
-74.76314444	151.5732389	2271	1999-01-01	-45.1	-357.49	-43.6
-74.77	-72.77	1520	1990-01-01	-27	-210	-22.1
-74.78346111	151.4227139	2296	1999-01-01	-41.84	-332.33	-43.9
-74.80451944	151.2694611	2308	1999-01-01	-38.14	-300.86	-44
-74.82336944	151.1398778	2302	1999-01-01	-45.69	-356.31	-43.9
-74.83781389	97.37459722	2700	1988-01-01	-43.2	NaN	-45.3
-74.83936667	0.00995	2874	NaN	-44.12	NaN	NaN
-74.84731111	150.9966306	2297	1999-01-01	-43.16	-342.56	-43.9
-74.83333333	-75.75	700	1990-01-01	-27.7	-211.9	-23
-74.8547	-8.497	2600	1998-01-01	-38.61	NaN	-37.1
-74.855	-2.533333333	2817	1996-01-01	-44.15	-343.17	-43.8
-74.85722222	54.39833333	2930	1990-01-01	-43.24	-338.57	NaN
-74.87096667	150.8493056	2318	1999-01-01	-39.4	-315.7	-44.1
-74.88	154.04	1550	1983-01-01	-26.78	-210.07	-25.8
-74.89639444	75.245625	2451	1990-01-01	-41.44	-329.64	-35.8
-74.89868889	56.17075278	2704	1990-01-01	-45.06	-354.01	-42.4
-74.91586111	150.5512611	2326	1999-01-01	-44.35	-351.26	-44.2
-74.92277778	47.935	3310	1974-01-01	-51.3	NaN	NaN
-74.93859722	150.4022583	2333	1999-01-01	-44.09	-349.66	-44.2
-74.9492	-1.4945	2840	1998-01-01	-44.06	NaN	NaN
-74.95983611	150.2534222	2337	1999-01-01	-44.77	-354.99	-44.3
-74.9683	3.9185	3014	1996-01-01	-45.45	-353.39	-44.4
-74.97971389	150.1072417	2344	1999-01-01	-42.9	-342.06	-44.3
-74.997	0.0362	2880	1998-01-01	-44.14	NaN	NaN
-74.99972222	15.00166667	3453	1998-01-01	-49.49	NaN	-51.3
-75	-4.4963	2740	1998-01-01	-42.48	NaN	-42.3
-75.0007	8.0053	2880	1997-01-01	-47.45	-370.31	-47.5
-75.0007	-6.4983	2680	1998-01-01	-42.56	-335.21	-40.2
-75.0017	0.0678	2882	2001-01-01	-44.28	NaN	NaN
-75.0023	0.007	2882	1998-01-01	-44.48	-349.01	-44.5
-75.0025	0.0073	2880	1997-01-01	-44.17	-348.63	NaN
-75.00333333	0.006666667	2892	2001-01-01	-43.6	-344.8	-43.2
-75.00395556	149.9588361	2345	1999-01-01	-45.34	-357.86	-44.4
-75.00478333	0.079533333	2890	NaN	-45.57	NaN	NaN
-75.006	0.0819	2882	2002-01-01	-43.96	-346.53	NaN
-75.02653889	149.8104833	2365	1999-01-01	-45.33	-357.28	-44.6
-75.06028056	0.722052778	2900	NaN	-44.98	NaN	NaN
-75.06996111	149.5041083	2381	1999-01-01	-45.89	-359.65	-44.7
-75.0837	2.501	2970	1998-01-01	-45.29	NaN	-45
-75.084	6.5	3160	1998-01-01	-47.92	-375.33	NaN
-75.08743333	74.51588889	2327	1990-01-01	-41.59	-329.97	-35.4
-75.0914	149.3518444	2374	1999-01-01	-45.71	-357.96	-44.6
-75.10111111	123.3477778	3233	1996-01-01	-50.33	-393.8	-54.5
-75.11096944	149.1929222	2375	1999-01-01	-42.22	-334.5	-44.7
-75.11691389	9.724	3300	NaN	-49.13	NaN	NaN
-75.14211389	9.026305556	3270	NaN	-48.56	NaN	NaN
-75.14637222	96.97901111	3130	1988-01-01	-46.4	NaN	-50.8
-75.14683611	1.340369444	2925	NaN	-44.85	NaN	NaN
-75.16479167	56.30704722	2772	1990-01-01	-43.91	-343.99	-43
-75.167	6.4985	3160	1998-01-01	-46.35	NaN	-46.1
-75.1673	5.0033	3100	1998-01-01	-45.08	NaN	-45.5
-75.1673	-0.995	2840	1998-01-01	-44.63	NaN	-43.4
-75.1673	-0.995	2840	1998-01-01	-42.33	NaN	-40.5
-75.176525	148.7352167	2394	1999-01-01	-46.91	-368.73	-44.8
-75.18196944	8.337033333	3235	NaN	-48.29	NaN	NaN
-75.20371944	2.012166667	2955	NaN	-46.11	NaN	NaN
-75.21277778	54.56555556	3020	1990-01-01	-44.69	-351.95	NaN
-75.2167	11.33333333	3349	1997-01-01	-49.05	-383.83	-48.7
-75.22266667	148.3984639	2413	1999-01-01	-46.73	-367.21	-45
-75.22738611	4.131402778	3045	NaN	-46.19	NaN	NaN
-75.22775278	7.655266667	3210	NaN	-47.86	NaN	NaN
-75.23141389	2.713952778	2980	NaN	-46.59	NaN	NaN
-75.23333056	77.16666667	452	NaN	-26.6	NaN	NaN
-75.23625278	3.424011111	3005	NaN	-46.13	NaN	NaN
-75.24744444	4.833094444	3090	NaN	-46.17	NaN	NaN
-75.2508	6.5017	3160	1998-01-01	-46.76	-367.55	-45.8
-75.25646944	6.956797222	3180	NaN	-48.2	NaN	NaN
-75.26511389	6.248197222	3150	NaN	-46.92	NaN	NaN
-75.26903889	125.1893917	3202	1999-01-01	-50.56	-394.86	-52.9
-75.27216389	5.537225	3120	NaN	-46.92	NaN	NaN
-75.27886667	73.77813889	2296	1990-01-01	-40.35	-319.2	-35.7
-75.29241111	125.7111917	3193	1999-01-01	-50.35	-394.43	-52.8
-75.29718889	147.7940167	2422	1999-01-01	-45.86	-358.6	-45.1
-75.31848889	147.6365167	2423	1999-01-01	-45.54	-355.16	-45.1
-75.35541667	147.3136111	2427	1999-01-01	-46.98	-367.9	-45.2
-75.37397778	147.1489861	2434	1999-01-01	-42.61	-341.58	-45.2
-75.38063056	127.9920806	3129	1999-01-01	-50.37	-395.71	-52.2
-75.40497222	96.64746944	3350	1988-01-01	-44.9	NaN	-53.5
-75.43	-78.48	450	1990-01-01	-30.7	-239.6	-24.8
-75.43061389	56.44883056	2862	1990-01-01	-45.61	-356.81	-44.5
-75.43206944	129.3989111	3053	1999-01-01	-47.68	-372.81	-51.4
-75.43795	129.5773167	3043	1999-01-01	-48.08	-378.92	-51.3
-75.45	129.81	3024	1999-01-01	-52.26	NaN	-51
-75.46501111	130.3429056	3001	1999-01-01	-50.47	-393.37	-50.9
-75.4709	73.03009722	2349	1990-01-01	-39.4	-310.28	-37.3
-75.47111944	130.5187972	2995	1999-01-01	-50.74	-402.19	-50.9
-75.48266389	146.3099556	2449	1999-01-01	-46.48	-365.21	-45.4
-75.48625278	131.0532417	2968	1999-01-01	-47.76	-376.72	-50.6
-75.498575	146.1476722	2451	1999-01-01	-46.79	-367.64	-45.4
-75.50571389	131.5866806	2943	1999-01-01	-50.6	-397.05	-50.3
-75.51699444	132.1234111	2920	1999-01-01	-50.77	-397.84	-50.1
-75.52	165.32	40	1993-01-01	-22.2	NaN	-20
-75.52055556	54.92388889	2990	1990-01-01	-48.76	-383.44	NaN
-75.52425556	132.47875	2905	1999-01-01	-50.61	-398.59	-50
-75.54	145.86	2454	1999-01-01	-47.2	NaN	-47.8
-75.54009444	103.4747528	3556	1985-01-01	-53.05	-411.18	-55.5
-75.53333333	100.52	3550	1990-01-01	-53.5	-416.4	-53.4
-75.56362222	145.0179389	2480	1999-01-01	-46.47	-363.64	-45.7
-75.56716667	144.8287639	2492	1999-01-01	-47.37	-373.27	-45.8
-75.57033611	144.6551361	2499	1999-01-01	-45.86	-358.37	-45.9
-75.57274722	144.4755028	2499	1999-01-01	-46.19	-362.55	-45.9
-75.57521667	134.6315472	2823	1999-01-01	-50.85	-398.69	-49.1
-75.57706944	134.8114611	2823	1999-01-01	-50.48	-395.76	-49.1
-75.57943611	144.1226167	2506	1999-01-01	-47.03	-369.39	-46
-75.58	-20.57	30	2000-01-01	-20.75	-156.4	-18.5
-75.5815	-3.4303	2669	1997-01-01	-44.41	-347.64	NaN
-75.5815	-3.4303	2669	1998-01-01	-44.5	-348.73	-44.3
-75.58375278	143.9442028	2509	1999-01-01	-47.03	-371.59	-46
-75.58426944	135.3532417	2808	1999-01-01	-50.53	-395.89	-49
-75.59647778	135.8315528	2792	1999-01-01	-50.54	-394.36	-48.8
-75.59800556	143.2197694	2532	1999-01-01	-46.59	-367.08	-46.2
-75.58333333	135.81	2792	1999-01-01	-51.26	NaN	-50.5
-75.60357222	136.0108694	2789	1999-01-01	-50.46	-394.77	-48.8
-75.60518056	142.6797556	2553	1999-01-01	-50.75	-398.33	-46.4
-75.60708889	136.1911028	2787	1999-01-01	-47.99	-374.1	-48.8
-75.60938333	136.7351417	2777	1999-01-01	-46	-361.72	-48.7
-75.61057222	142.3149139	2570	1999-01-01	-47.41	-373.29	-46.6
-75.61146111	136.9055639	2763	1999-01-01	-50.88	-398.74	-48.5
-75.612925	137.2697667	2759	1999-01-01	-50.67	-394.59	-48.5
-75.61445833	137.4499028	2748	1999-01-01	-50.78	-400.38	-48.4
-75.61636667	137.6381639	2734	1999-01-01	-47.48	-373.7	-48.2
-75.61741667	141.7796583	2582	1999-01-01	-47.08	-370.52	-46.7
-75.61821944	138.3624611	2709	1999-01-01	-50.3	-392.05	-48
-75.62	140.63	2611	1999-01-01	-48.62	NaN	-48.4
-75.62118611	141.4165139	2594	1999-01-01	-47.85	-375.68	-46.8
-75.62238889	139.4433917	2665	1999-01-01	-45.73	-358.49	-47.6
-75.62292222	141.2363778	2602	1999-01-01	-46.61	-367.08	-46.9
-75.62327778	138.5385722	2712	1999-01-01	-47.49	-372.97	-48
-75.62613889	138.7219917	2711	1999-01-01	-48.91	-383.77	-48
-75.66196667	72.26916667	2342	1990-01-01	-40.03	-315.86	-38.9
-75.69745278	56.59531389	2925	1990-01-01	-43.64	-342.99	-45.5
-75.7528	3.2828	2962	1997-01-01	-46.47	-362.26	-44.6
-75.76666667	93.81666667	3730	NaN	-50.3	NaN	-57.7
-75.77	152.84	2053	1983-01-01	-32.42	-254.37	-32.1
-75.78	-81.67	750	1990-01-01	-31.7	-246.4	-25.8
-75.83823056	57.52676389	2888	1990-01-01	-42.43	-333.01	-37.7
-75.84611111	55.52944444	3010	1990-01-01	-44.84	-351.81	NaN
-75.85271667	71.49964167	2346	1990-01-01	-41.21	-325.8	-39.8
-75.85540556	70.40064167	2283	1990-01-01	-37.9	-299.62	-38.9
-75.85668056	68.20161667	2163	1990-01-01	-39.01	-307.48	-38.7
-75.85798333	69.29761944	2222	1990-01-01	-40.01	-315.44	-38.6
-75.87403056	65.42951944	2250	1990-01-01	-39.19	-310.3	-36.4
-75.9	100.52	3560	1990-01-01	-54.2	-423.9	-53.7
-75.91666667	-84.25	1054	1985-01-01	-29.26	NaN	NaN
-75.9333	7.213	3145	1997-01-01	-48.3	-375.24	-47.9
-75.97510833	58.47565833	2834	1990-01-01	-48.26	-378.52	-43.8
-75.99305556	48.09666667	3383	1974-01-01	-52.5	NaN	-54.1
-76.01971667	67.41366389	2267	1990-01-01	-39.64	-312.1	NaN
-76.030725	104.0322194	3553	1985-01-01	-54.09	-418.92	-55.4
-76.04470278	65.02166667	2345	1990-01-01	-37.91	-300.32	-38.5
-76.051475	95.81862222	3498	1988-01-01	-51.63	NaN	-55.4
-76.06029167	95.80731944	3440	1988-01-01	-53.25	NaN	-54.7
-76.06757778	63.91039167	2430	1990-01-01	-42.21	-333.28	-39.6
-76.07653056	66.14880833	2344	1990-01-01	-42.45	-334.12	-37.8
-76.085375	62.79362778	2511	1990-01-01	-41.02	-324.04	-40.7
-76.09821389	61.67984444	2586	1990-01-01	-40.84	-321.49	-40.9
-76.10566111	60.56136944	2746	1990-01-01	-43.41	-340.38	-42.3
-76.1083	59.442825	2842	1990-01-01	-42.02	-329.6	-44
-76.14319722	66.85276389	2344	1990-01-01	-43.05	-338.91	-38.8
-76.17088889	56.14738889	3050	1990-01-01	-47.82	-375.99	NaN
-76.24	152.4333333	2276	1983-01-01	-32.2	-253.57	-36.3
-76.24	152.19	2289	1983-01-01	-33.32	-262.7	-37.9
-76.36366667	57.51130556	3020	1990-01-01	-45.54	-358.96	NaN
-76.42	-85.17	1050	1990-01-01	-32.9	-258.2	-27.7
-76.42762222	95.33638333	3700	1988-01-01	-54.42	NaN	-57.9
-76.45	150.4	2480	NaN	-45.7	NaN	-47.3
-76.48692778	104.5505667	3516	1985-01-01	-53.83	-417.38	-54.5
-76.5155	63.91130556	2580	1990-01-01	-44.48	-350.3	NaN
-76.53772222	62.18436111	2650	1990-01-01	-47.19	-371.02	NaN
-76.54222778	95.18945	3720	1988-01-01	-53.17	NaN	-58.2
-76.55433333	58.88736111	2980	1990-01-01	-47.49	-373.75	NaN
-76.55572222	60.83833333	2790	1990-01-01	-46.79	-368.51	NaN
-76.559	59.87361111	2920	1990-01-01	-46.85	-367.22	NaN
-76.58333333	102	3550	1990-01-01	-53.8	-417.7	-54.3
-76.636	-40	NaN	NaN	-22.77	-176.8	NaN
-76.84490833	94.8014	3740	1988-01-01	-53.96	NaN	-58.4
-76.93	-86.25	1100	1990-01-01	-32.6	-255.8	-27.9
-76.95888889	-54.69221944	NaN	NaN	NaN	-202.19	-23.3
-76.98111111	-52.26778056	41	NaN	NaN	-195.39	-23.5
-76.98111111	-52.26778056	41	NaN	NaN	NaN	-23.5
-76.98616389	105.1178167	3531	1985-01-01	-56.95	-438.14	-54.9
-76.99333056	-54.83333056	NaN	NaN	-26.82	NaN	NaN
-77	102.92	3550	1990-01-01	-55.2	-427.9	-54.6
-77.002	163.001	NaN	2003-01-01	-29.6	-237.5	NaN
-77.03333056	152.3166667	2440	NaN	-44.6	NaN	-45
-77.08	94.5	3800	1988-01-01	-55.33	NaN	-59.2
-77.08333056	94.91666667	3650	1987-01-01	-55.22	-428.38	-57.5
-77.12916944	-50.50138889	43	NaN	-24.32	NaN	-24.7
-77.19	39.42	3810	1997-01-01	-59.23	NaN	-57.7
-77.19	39.42	3810	2004-01-01	-56.7	-435.47	-54.4
-77.19388889	-53.14083333	NaN	NaN	-26.17	-202.47	-23.5
-77.355	-56.04	55	NaN	-25.81	NaN	-24.5
-77.35783056	-56.05933056	NaN	NaN	-26.27	-205.67	-23.8
-77.48	158.7166667	2365	1993-01-01	-39.23	-309.19	-37
-77.51306111	-54.54666944	NaN	NaN	NaN	-207.01	-24.3
-77.531	163.222	NaN	2003-01-01	NaN	-199.5	NaN
-77.531	163.222	NaN	2003-01-01	NaN	-240.9	NaN
-77.531	163.222	NaN	2003-01-01	NaN	-141.7	NaN
-77.531	163.222	NaN	2003-01-01	NaN	-223.9	NaN
-77.531	163.222	NaN	2003-01-01	NaN	-244	NaN
-77.531	163.222	NaN	2003-01-01	NaN	-217.5	NaN
-77.531	163.222	NaN	2003-01-01	NaN	-243.7	NaN
-77.531	163.222	NaN	2003-01-01	NaN	-260	NaN
-77.531	163.222	NaN	2003-01-01	NaN	-210.6	NaN
-77.53333056	167.2833306	3560	NaN	NaN	-145.79	NaN
-77.53333056	167.2833306	3560	NaN	NaN	-181.27	NaN
-77.53333056	167.2833306	3560	NaN	NaN	-221.3	NaN
-77.53333056	167.2833306	3560	NaN	NaN	-291.49	NaN
-77.53333056	167.2833306	3560	NaN	NaN	-276.59	NaN
-77.53333056	167.2833306	3560	NaN	NaN	-289.35	NaN
-77.53333056	167.2833306	3560	NaN	NaN	-281.43	NaN
-77.53333056	167.2833306	3560	NaN	NaN	-288.83	NaN
-77.53705	105.7437444	3510	1985-01-01	-54.91	-425.02	-54.4
-77.54	163.053	NaN	2003-01-01	NaN	-137	NaN
-77.54	163.053	NaN	2003-01-01	NaN	-223.8	NaN
-77.54	163.053	NaN	2003-01-01	NaN	-199.7	NaN
-77.54	163.053	NaN	2003-01-01	NaN	-194.9	NaN
-77.541	163.096	NaN	2003-01-01	NaN	-135.8	NaN
-77.541	163.096	NaN	2003-01-01	NaN	-209.9	NaN
-77.541	163.096	NaN	2003-01-01	NaN	-179.4	NaN
-77.541	163.096	NaN	2003-01-01	NaN	-179	NaN
-77.541	163.096	NaN	2003-01-01	NaN	-172.3	NaN
-77.541	163.096	NaN	2003-01-01	NaN	-169.8	NaN
-77.541	163.096	NaN	2003-01-01	NaN	-220.4	NaN
-77.543	163.179	NaN	2003-01-01	-22.6	-181.5	NaN
-77.543	163.179	NaN	2003-01-01	-21.5	-170.7	NaN
-77.543	163.179	NaN	2003-01-01	-20.7	-166.7	NaN
-77.543	163.179	NaN	2003-01-01	-20.3	-162.3	NaN
-77.543	163.179	NaN	2003-01-01	-23.4	-187.6	NaN
-77.543	163.179	NaN	2003-01-01	-22.9	-184.4	NaN
-77.543	163.179	NaN	2003-01-01	-23.5	-190.5	NaN
-77.545	162.977	NaN	2003-01-01	NaN	-267.9	NaN
-77.545	163.043	NaN	2003-01-01	-35.8	-288.5	NaN
-77.545	163.043	NaN	2003-01-01	-22.1	-173.6	NaN
-77.545	163.043	NaN	2003-01-01	-37.1	-293.8	NaN
-77.553	162.996	NaN	2003-01-01	NaN	-200.2	NaN
-77.553	162.996	NaN	2003-01-01	NaN	-226.4	NaN
-77.553	162.996	NaN	2003-01-01	NaN	-183.6	NaN
-77.553	162.996	NaN	2003-01-01	NaN	-188.8	NaN
-77.553	162.996	NaN	2003-01-01	NaN	-210.8	NaN
-77.555	163.25	NaN	2003-01-01	NaN	-202	NaN
-77.555	163.25	NaN	2003-01-01	NaN	-187	NaN
-77.555	163.25	NaN	2003-01-01	NaN	-191.2	NaN
-77.555	163.25	NaN	2003-01-01	NaN	-222.6	NaN
-77.557	163.248	NaN	2003-01-01	NaN	-190.6	NaN
-77.561	163.339	NaN	2003-01-01	-28.2	-229.1	NaN
-77.561	163.23	NaN	2003-01-01	-29	-236.2	NaN
-77.562	163.321	NaN	2003-01-01	-32.1	-254.7	NaN
-77.563	163.046	NaN	2003-01-01	NaN	-219	NaN
-77.563	163.046	NaN	2003-01-01	NaN	-218.1	NaN
-77.563	163.046	NaN	2003-01-01	NaN	-216.6	NaN
-77.563	163.046	NaN	2003-01-01	NaN	-255.4	NaN
-77.564	163.28	NaN	2003-01-01	-27.7	-224.6	NaN
-77.566	163.332	NaN	2003-01-01	-25.1	-198.2	NaN
-77.566	163.348	NaN	2003-01-01	-28.1	-228.7	NaN
-77.569	163.291	NaN	2003-01-01	-27.9	-216.9	NaN
-77.571	162.961	NaN	2003-01-01	-36.4	-285.4	NaN
-77.572	163.332	NaN	2003-01-01	-33	-263.9	NaN
-77.573	163.342	NaN	2003-01-01	NaN	-238.7	NaN
-77.574	163.31	NaN	2003-01-01	-30	-241.3	NaN
-77.574	163.304	NaN	2003-01-01	-28.4	-231.9	NaN
-77.574	163.272	NaN	2003-01-01	-26.2	-213	NaN
-77.574	163.324	NaN	2003-01-01	-27	-208.2	NaN
-77.575	163.34	NaN	2003-01-01	-25.2	-199.6	NaN
-77.576	163.291	NaN	2003-01-01	-29.4	-244.2	NaN
-77.578	163.342	NaN	2003-01-01	-29.6	-233.1	NaN
-77.57861111	-50.57943889	58	NaN	-35.81	NaN	-25.8
-77.579	163.32	NaN	2003-01-01	-30.3	-238.5	NaN
-77.58	163.27	NaN	2003-01-01	-29.3	-234.5	NaN
-77.581	163.328	NaN	2003-01-01	-25.5	-203.2	NaN
-77.581	163.271	NaN	2003-01-01	-26.6	-211.3	NaN
-77.583	163.334	NaN	2003-01-01	-29	-235.8	NaN
-77.585	163.309	NaN	2003-01-01	-31.8	-252	NaN
-77.585	163.273	NaN	2003-01-01	NaN	-219.8	NaN
-77.585	163.273	NaN	2003-01-01	-27	-217.8	NaN
-77.585	163.317	NaN	2003-01-01	-27.5	-221.4	NaN
-77.58333333	-87.12	1500	1990-01-01	-31.8	-248.4	-29.9
-77.601	162.886	NaN	2003-01-01	-28.8	-223.8	NaN
-77.601	162.891	NaN	2003-01-01	-26.5	-216.1	NaN
-77.602	162.862	NaN	2003-01-01	-26.8	-219.1	NaN
-77.603	162.858	NaN	2003-01-01	-25.5	-210.3	NaN
-77.604	162.837	NaN	2003-01-01	-26.1	-216.7	NaN
-77.605	162.982	NaN	2003-01-01	-25.61	-202.8	NaN
-77.606	162.978	NaN	2003-01-01	-26.5	-213.3	NaN
-77.606	162.966	NaN	2003-01-01	-29.06	-233.1	NaN
-77.606	162.975	NaN	2003-01-01	-28.63	-230	NaN
-77.607	162.956	NaN	2003-01-01	-31.4	-248.9	NaN
-77.607	162.949	NaN	2003-01-01	-31.02	-244.8	NaN
-77.607	162.959	NaN	2003-01-01	-27.31	-219.4	NaN
-77.608	162.935	NaN	2003-01-01	-28	-227.5	NaN
-77.608	162.947	NaN	2003-01-01	-31.7	-252.1	NaN
-77.608	162.947	NaN	2003-01-01	-33.5	-256.6	NaN
-77.608	162.986	NaN	2003-01-01	-29.2	-234.2	NaN
-77.608	162.93	NaN	2003-01-01	-26	-214.7	NaN
-77.608	162.94	NaN	2003-01-01	-26.8	-222.5	NaN
-77.609	162.928	NaN	2003-01-01	-29.2	-233.5	NaN
-77.609	162.925	NaN	2003-01-01	-28.19	-231	NaN
-77.609	162.928	NaN	2003-01-01	-30.14	-242.9	NaN
-77.609	162.942	NaN	2003-01-01	-37.86	-301.9	NaN
-77.609	162.988	NaN	2003-01-01	-29.64	-234.5	NaN
-77.61	162.958	NaN	2003-01-01	-38.3	-301.8	NaN
-77.612	162.964	NaN	2003-01-01	-29.7	-234.2	NaN
-77.612	162.964	NaN	2003-01-01	-32.85	-260	NaN
-77.612	162.965	NaN	2003-01-01	-26.9	-218.1	NaN
-77.612	162.964	NaN	2003-01-01	-28.4	-224.3	NaN
-77.612	162.831	NaN	2003-01-01	-24.1	-208.4	NaN
-77.613	162.823	NaN	2003-01-01	-29.5	-238.8	NaN
-77.614	162.949	NaN	2003-01-01	-30.06	-238.9	NaN
-77.616	162.936	NaN	2003-01-01	-27.2	-220.4	NaN
-77.616	162.955	NaN	2003-01-01	-33.2	-261.7	NaN
-77.616	162.974	NaN	2003-01-01	-36	-283.3	NaN
-77.617	162.915	NaN	2003-01-01	-31.3	-247.2	NaN
-77.617	163.02	NaN	2003-01-01	-30.85	-242	NaN
-77.618	163.011	NaN	2003-01-01	-30	-241.3	NaN
-77.619	162.878	NaN	2003-01-01	-28.5	-230.7	NaN
-77.62	163.027	NaN	2003-01-01	-31.6	-251.2	NaN
-77.62	162.935	NaN	2003-01-01	-31.86	-251.9	NaN
-77.62	162.995	NaN	2003-01-01	-36.07	-284	NaN
-77.62	162.995	NaN	2003-01-01	-27.3	-218.3	NaN
-77.623	163.054	NaN	2003-01-01	-32.6	-257.8	NaN
-77.624	162.978	NaN	2003-01-01	-37.3	-293.5	NaN
-77.624	162.933	NaN	2003-01-01	-35	-272.5	NaN
-77.624	163.031	NaN	2003-01-01	-34.77	-273.3	NaN
-77.625	163.009	NaN	2003-01-01	-34.7	-274.3	NaN
-77.625	162.904	NaN	2003-01-01	NaN	-228.6	NaN
-77.625	162.987	NaN	2003-01-01	-34.3	-272	NaN
-77.625	162.987	NaN	2003-01-01	-35.2	-275.8	NaN
-77.625	162.987	NaN	2003-01-01	-34.9	-275.2	NaN
-77.625	162.962	NaN	2003-01-01	-33.53	-258.3	NaN
-77.626	162.948	NaN	2003-01-01	-35.4	-280.3	NaN
-77.626	162.977	NaN	2003-01-01	-26.1	-209.1	NaN
-77.627	162.934	NaN	2003-01-01	NaN	-273.5	NaN
-77.627	162.934	NaN	2003-01-01	-33.3	-265.5	NaN
-77.628	162.96	NaN	2003-01-01	-28.6	-223.9	NaN
-77.63	162.959	NaN	2003-01-01	-28.2	-222.1	NaN
-77.631	162.996	NaN	2003-01-01	-25.4	-213.5	NaN
-77.632	163.005	NaN	2003-01-01	-33.4	-263.4	NaN
-77.632	162.948	NaN	2003-01-01	-27.9	-220.2	NaN
-77.632	162.952	NaN	2003-01-01	-27.6	-215.9	NaN
-77.647	162.725	NaN	2003-01-01	-31.5	-249.3	NaN
-77.647	162.725	NaN	2003-01-01	NaN	-254.6	NaN
-77.649	162.713	NaN	2003-01-01	-29.6	-235.2	NaN
-77.65	162.706	NaN	2003-01-01	-33.1	-261	NaN
-77.65	162.706	NaN	2003-01-01	NaN	-250.5	NaN
-77.664	163.077	NaN	2003-01-01	NaN	-230	NaN
-77.664	163.077	NaN	2003-01-01	NaN	-229.1	NaN
-77.664	163.077	NaN	2003-01-01	NaN	-221.3	NaN
-77.664	163.077	NaN	2003-01-01	NaN	-224.2	NaN
-77.666	163.08	NaN	2003-01-01	-28	-223.7	NaN
-77.666	163.074	NaN	2003-01-01	-29.2	-234.2	NaN
-77.666	163.088	NaN	2003-01-01	NaN	-241.6	NaN
-77.667	163.088	NaN	2003-01-01	-26.1	-210.7	NaN
-77.667	163.069	NaN	2003-01-01	NaN	-214	NaN
-77.669	163.074	NaN	2003-01-01	-29.2	-235.1	NaN
-77.671	163.079	NaN	2003-01-01	-26.6	-214.9	NaN
-77.672	163.08	NaN	2003-01-01	NaN	-226.6	NaN
-77.675	163.107	NaN	2003-01-01	-27.7	-223	NaN
-77.675	163.08	NaN	2003-01-01	-26.2	-211.5	NaN
-77.678	163.077	NaN	2003-01-01	-26.1	-210	NaN
-77.678	163.093	NaN	2003-01-01	NaN	-244	NaN
-77.678	163.093	NaN	2003-01-01	NaN	-247.5	NaN
-77.678	163.093	NaN	2003-01-01	NaN	-220.4	NaN
-77.678	163.093	NaN	2003-01-01	NaN	-186.4	NaN
-77.678	163.093	NaN	2003-01-01	NaN	-192.5	NaN
-77.678	163.093	NaN	2003-01-01	NaN	-221.7	NaN
-77.678	163.093	NaN	2003-01-01	NaN	-277.4	NaN
-77.678	163.093	NaN	2003-01-01	NaN	-211.3	NaN
-77.679	163.075	NaN	2003-01-01	-27.8	-226.6	NaN
-77.679	163.075	NaN	2003-01-01	-26.4	-213	NaN
-77.681	163.068	NaN	2003-01-01	-25	-199.9	NaN
-77.68221944	-57.32638889	NaN	NaN	NaN	-207.98	-24.4
-77.683	163.063	NaN	2003-01-01	-28.8	-231.1	NaN
-77.683	-123.995	1828	2001-01-01	NaN	-277.38	-31.9
-77.684	163.054	NaN	2003-01-01	-26.5	-211	NaN
-77.686	163.053	NaN	2003-01-01	-28	-225.8	NaN
-77.686	163.113	NaN	2003-01-01	-22.2	-183	NaN
-77.686	163.053	NaN	2003-01-01	-25.1	-200.3	NaN
-77.691	163.093	NaN	2003-01-01	-38.1	-303.4	NaN
-77.691	163.093	NaN	2003-01-01	-40.8	-326.8	NaN
-77.691	163.093	NaN	2003-01-01	-27.2	-219.3	NaN
-77.691	163.093	NaN	2003-01-01	-23.9	-197	NaN
-77.691	163.093	NaN	2003-01-01	-29.2	-235.6	NaN
-77.691	163.093	NaN	2003-01-01	-24.2	-186.8	NaN
-77.691	163.093	NaN	2003-01-01	-32.5	-262	NaN
-77.691	163.093	NaN	2003-01-01	-26.4	-211.3	NaN
-77.691	163.093	NaN	2003-01-01	-27.1	-219.6	NaN
-77.691	163.093	NaN	2003-01-01	NaN	-271.2	NaN
-77.691	163.093	NaN	2003-01-01	NaN	-235.7	NaN
-77.691	163.093	NaN	2003-01-01	NaN	-241.8	NaN
-77.693	164.404	NaN	2003-01-01	-28.4	-233.3	NaN
-77.696	163.024	NaN	2003-01-01	NaN	-251.1	NaN
-77.696	163.024	NaN	2003-01-01	NaN	-155.7	NaN
-77.696	163.024	NaN	2003-01-01	NaN	-224	NaN
-77.71166944	-57.43666944	NaN	NaN	-26.44	NaN	NaN
-77.71666667	41.03333056	20	NaN	-26.6	NaN	-22.3
-77.72	104.78	3510	1990-01-01	-56.9	-444.7	-55.2
-77.722	162.274	NaN	2003-01-01	-37	-296.7	NaN
-77.724	161.648	NaN	2003-01-01	-41.3	-331.9	NaN
-77.724	162.253	NaN	2003-01-01	-41.7	-335.6	NaN
-77.725	162.287	NaN	2003-01-01	-40.1	-321.6	NaN
-77.725	162.249	NaN	2003-01-01	NaN	-331.1	NaN
-77.727	162.231	NaN	2003-01-01	-43.9	-349.9	NaN
-77.729	162.208	NaN	2003-01-01	-43.7	-347.6	NaN
-77.729	163.208	NaN	2003-01-01	-41.2	-327.3	NaN
-77.729	162.208	NaN	2003-01-01	-27.9	-236.8	NaN
-77.73	162.1833333	NaN	2003-01-01	-42.2	-336.5	NaN
-77.73	162.187	NaN	2003-01-01	-41.6	-328.1	NaN
-77.73	162.011	NaN	2003-01-01	-43.9	-350.6	NaN
-77.73	162.187	NaN	2003-01-01	-44	-349.9	NaN
-77.73	162.187	NaN	2003-01-01	-30.8	-250.3	NaN
-77.731	162.174	NaN	2003-01-01	-40.2	-319.3	NaN
-77.731	162.09	NaN	2003-01-01	-45	-361.7	NaN
-77.732	162.186	NaN	2003-01-01	NaN	-335.6	NaN
-77.732	162.123	NaN	2003-01-01	NaN	-349.7	NaN
-77.732	162.14	NaN	2003-01-01	-43.2	-346	NaN
-77.732	162.122	NaN	2003-01-01	-43.3	-347.9	NaN
-77.732	162.122	NaN	2003-01-01	-43.5	-349.7	NaN
-77.732	162.122	NaN	2003-01-01	-29.5	-236.9	NaN
-77.733	162.152	NaN	2003-01-01	NaN	-325.5	NaN
-77.733	162.155	NaN	2003-01-01	-39.2	-310	NaN
-77.733	162.155	NaN	2003-01-01	-39.9	-316.5	NaN
-77.733	162.155	NaN	2003-01-01	-29.8	-240	NaN
-77.735	162.478	NaN	2003-01-01	-32.5	-257.6	NaN
-77.736	161.679	NaN	2003-01-01	-40.8	-321.3	NaN
-77.736	162.466	NaN	2003-01-01	NaN	-238.6	NaN
-77.736	162.463	NaN	2003-01-01	-30.3	-240.2	NaN
-77.738	162.436	NaN	2003-01-01	-31.5	-250.1	NaN
-77.74	162.128	NaN	2003-01-01	NaN	-316.7	NaN
-77.74	162.128	NaN	2003-01-01	-39.1	-308.7	NaN
-77.74	162.441	NaN	2003-01-01	-29	-229.1	NaN
-77.74	162.128	NaN	2003-01-01	-41.2	-324.4	NaN
-77.74	162.128	NaN	2003-01-01	-30.1	-241.7	NaN
-77.742	162.061	NaN	2003-01-01	-38.5	-303.2	NaN
-77.742	162.061	NaN	2003-01-01	-37.3	-294.3	NaN
-77.743	162.463	NaN	2003-01-01	NaN	-235.4	NaN
-77.745	162.13	NaN	2003-01-01	NaN	-308.1	NaN
-77.745	162.131	NaN	2003-01-01	-38.8	-304.5	NaN
-77.745	162.131	NaN	2003-01-01	-39.3	-310.6	NaN
-77.745	162.131	NaN	2003-01-01	-30.7	-246.8	NaN
-77.746	161.654	NaN	2003-01-01	-42.8	-342	NaN
-77.746	162.034	NaN	2003-01-01	-39	-305.8	NaN
-77.749	161.995	NaN	2003-01-01	-39.3	-306.4	NaN
-77.749	162.016	NaN	2003-01-01	-37	-289.2	NaN
-77.749	162.016	NaN	2003-01-01	-38.8	-304	NaN
-77.75	161.767	NaN	2003-01-01	-39.3	-315.4	NaN
-77.75	161.972	NaN	2003-01-01	-41.7	-328.8	NaN
-77.751	161.929	NaN	2003-01-01	NaN	-305.9	NaN
-77.751	161.951	NaN	2003-01-01	-39.5	-312.1	NaN
-77.752	161.927	NaN	2003-01-01	-38.6	-304	NaN
-77.752	161.927	NaN	2003-01-01	-39.6	-312.1	NaN
-77.753	161.912	NaN	2003-01-01	-39.9	-314.1	NaN
-77.754	161.884	NaN	2003-01-01	NaN	-291.1	NaN
-77.754	161.888	NaN	2003-01-01	-37.2	-294.3	NaN
-77.754	161.888	NaN	2003-01-01	-38.7	-305.7	NaN
-77.756	161.801	NaN	2003-01-01	-40.3	-321.2	NaN
-77.756	161.873	NaN	2003-01-01	-38.2	-301	NaN
-77.757	161.842	NaN	2003-01-01	-39.1	-307	NaN
-77.757	161.842	NaN	2003-01-01	-40.8	-322.4	NaN
-77.758	161.842	NaN	2003-01-01	NaN	-311.4	NaN
-77.81	149.8	2429	1983-01-01	-38.28	-302.21	-42.1
-77.82970833	106.0762694	3510	1985-01-01	-56.77	-438.87	-54.3
-77.8436	-102.9103	1336	2001-01-01	-29.45	NaN	-25
-77.83333333	166.75	NaN	NaN	-30	NaN	-18
-77.855	-52.7667	NaN	NaN	-28.03	NaN	NaN
-77.86721944	-52.80416944	69	NaN	-26.16	NaN	-25.9
-77.935	-55.93611111	61	NaN	NaN	NaN	-23.8
-77.9375	-55.97833056	61	NaN	-27.31	-212.07	-24.7
-77.99166944	-51.53333056	65	NaN	-26.63	NaN	NaN
-78.03333056	154.0833333	2280	NaN	-44.8	NaN	-43.6
-78.03361111	-58.69056111	NaN	NaN	-27.2	-214.11	-24.5
-78.05833056	-58.77666944	NaN	NaN	-27.51	NaN	NaN
-78.0829	-120.0764	1697	2001-01-01	NaN	-265.19	-30.2
-78.08333056	162.4666667	43	NaN	-19.7	NaN	-24.2
-78.12	105.78	3500	1990-01-01	-54.7	-425	-55.4
-78.1202	-95.6463	1620	2001-01-01	NaN	-245.35	-25.9
-78.2	-87.65	1650	1990-01-01	-32	-251.9	-30.6
-78.23	-54.01833056	67	NaN	-27.44	NaN	-26.3
-78.24193889	-54.04693889	67	NaN	-27.04	NaN	-26.3
-78.28333333	-46.283	730	NaN	-23.86	-184.08	-22.5
-78.30193889	-56.98	64	NaN	NaN	-218.71	-25.2
-78.30833333	-57.12833056	NaN	NaN	-27.96	NaN	NaN
-78.31	-46.27	720	1994-01-01	-25.5	-198	-24.1
-78.31721944	-39.43471944	NaN	NaN	-26.05	-198.99	-24.4
-78.41333056	-52.47333056	68	NaN	-27.39	NaN	NaN
-78.42778056	-52.50638889	68	NaN	-27.58	NaN	-25.7
-78.433	-115.9172	1742	2001-01-01	NaN	-248.66	-31
-78.45	106.7833333	3490	NaN	-53.5	NaN	-57.3
-78.46666667	106.7833333	3488	1996-01-01	-57.2	-441.9	-55.5
-78.467	106.84	3488	2000-01-01	-56.5	-440.05	-57
-78.58333056	-85.41666667	3687	1990-01-01	-40.09	-314.6	NaN
-78.595	-55.40833056	NaN	NaN	-28.18	NaN	-26.9
-78.60611111	-55.43166667	75	NaN	-28.19	NaN	-26.9
-78.60611111	-55.43166667	92	NaN	-27.85	NaN	-26.9
-78.72166944	-57.8475	NaN	NaN	-28.94	-225.21	-26.1
-78.77	106.68	3480	1990-01-01	-57.2	-441.1	-55.5
-78.8045	151.2695	2278	1999-01-01	-39.31	NaN	-44.5
-78.82	-87.23	2050	1990-01-01	-37.5	-295.4	-32.1
-78.84	-53.47333056	71	NaN	-28.25	NaN	NaN
-78.87166944	-53.40333056	NaN	NaN	-29.44	NaN	NaN
-78.93666944	-56.82166944	NaN	NaN	-29.35	NaN	-27.4
-78.94611111	-56.84	75	NaN	-28.2	NaN	-27.3
-79.13	106.13	3430	1990-01-01	-58.4	-453.7	-55.2
-79.17	-86.83333333	1800	1990-01-01	-33.2	-263.3	-31.2
-79.26833056	-54.20166944	75	NaN	-29.02	NaN	NaN
-79.38	-111.24	1791	2000-01-01	-31.64	-250.53	-31.1
-79.61666667	-45.71666667	890	1994-01-01	-28.3	-221.31	-26.1
-79.658	-45.617	940	NaN	-27.99	-218.1	-24.6
-79.67	-54.89166944	85	NaN	-29.22	NaN	NaN
-79.7	106.07	3430	1990-01-01	-53.1	-414.5	-54.9
-79.75	-85.28333333	1680	1990-01-01	-37.5	-296.2	-30.7
-80	-55.5	93	NaN	-30.28	NaN	NaN
-80	-120	1530	NaN	-32.61	-257.71	-28
-80.01666667	-119.5166667	1530	1968-01-01	-31.25	-245.65	-28
-80.01666667	119.5333306	1525	NaN	-35.8	NaN	-28.2
-80.28	106.23	3420	1990-01-01	-56.7	-440.7	-54.7
-80.28333333	-81.33333333	700	1990-01-01	-33.4	-263.6	-27.3
-80.37	77.37	4093	2005-01-01	-58.32	-448.41	-58.5
-80.43	-55.98	104	NaN	-30.6	NaN	NaN
-80.53333056	80.91666667	950	NaN	-35.2	NaN	-27.3
-80.62	-122.63	1350	1999-01-01	-33.13	-257.62	NaN
-80.7	106.2	3400	1990-01-01	-57.7	-446.9	-54.4
-80.75	-81.25	900	1990-01-01	-34.9	-271	-27.3
-80.83333056	-56.58833056	107	NaN	NaN	NaN	NaN
-80.91666667	111.0833306	1700	NaN	-36.5	NaN	-29.5
-80.95	71.33333056	150	NaN	-34.8	NaN	-29.4
-81.08	106.43	3410	1990-01-01	-56	-435.1	-54.3
-81.2	-82	900	1990-01-01	-36.9	-289.3	-28.2
-81.2	-126.17	1040	1999-01-01	-27.83	-220.32	NaN
-81.21833056	-57.20333056	125	NaN	NaN	NaN	NaN
-81.46306111	-60.61471944	NaN	NaN	-32.35	-251.65	-28.6
-81.58333056	102.6666667	2200	NaN	-38.9	NaN	-33.3
-81.605	-57.88833056	132	NaN	-32.16	-251.17	NaN
-81.617	-57.917	133	NaN	NaN	-252.55	-28.7
-81.66	-148.82	621	1999-01-01	-25.56	-202.27	-24.5
-81.78333333	-82.83	1050	1990-01-01	-35.7	-280.1	-29.1
-81.83	106.47	3310	1990-01-01	-55.8	-436.6	-53.9
-81.92	-83.33	1150	1990-01-01	-37.8	-303.9	-29.7
-82.08333056	89.5	1800	NaN	-41	NaN	-33.4
-82.335	-57.82666944	143	NaN	-32.91	NaN	NaN
-82.67	106.32	3280	1990-01-01	-54.3	-422.5	-53.6
-82.68	-84	1250	1990-01-01	-38.1	-300	-30.9
-82.75	-58.69166944	145	NaN	-33.24	-264.31	NaN
-82.78333333	70.66666667	500	NaN	-33.5	NaN	-27.7
-83	106.2	3260	1990-01-01	-56.2	-436.5	-52.9
-83.08	-84.75	1320	1990-01-01	-38.4	-300.6	-31.5
-83.16666944	-59.575	163	NaN	-34.53	-269.42	-30
-83.385	-60.06333056	185	NaN	NaN	NaN	-30.2
-83.73	106.4	3230	1990-01-01	-55.3	-430	-52.1
-83.78	-87.42	1480	1990-01-01	-40	-317.7	-33.1
-83.9	78.5	1150	NaN	-35.8	NaN	-32.6
-83.91833056	-60.36	482	NaN	NaN	NaN	NaN
-84	43	3330	1986-01-01	-52.56	NaN	NaN
-84.12	106.28	3230	1990-01-01	-54.7	-426.1	-51.9
-84.2	-88.08	1550	1990-01-01	-39.2	-311.3	-33.9
-84.47	106.28	3210	1990-01-01	-55.3	-432.2	-51.8
-84.58	-88.92	1650	1990-01-01	-40.8	-321.3	-34.8
-84.81833056	-59.635	1191	NaN	-40.36	-313.03	NaN
-85.18	-88.97	1730	1990-01-01	-42.8	-339.1	-36.8
-85.22	105.82	3180	1990-01-01	-54.5	-427.8	-51.7
-85.25	166.1666667	2700	1984-01-01	-42.54	NaN	NaN
-85.53333333	105.67	3160	1990-01-01	-54.2	-422.5	-51.6
-85.88	-88.17	1850	1990-01-01	-40.6	-314.8	-39.2
-86	-105	2580	2002-01-01	NaN	-342.07	NaN
-86.2	-88.42	2000	1990-01-01	-43.6	-344.2	-40.3
-86.5	-107.99	2586	2002-01-01	-42.87	-331.11	-35.9
-86.57	-88.95	2050	1990-01-01	-45	-353.5	-41.6
-86.58333333	104.95	3150	1990-01-01	-53.7	-418.7	-51.5
-86.9	-90.32	2200	1990-01-01	-42.3	-335.7	-42.7
-87.33	104.42	3150	1990-01-01	-53.2	-415.2	-52.7
-87.58333333	-91.08333333	2380	1990-01-01	-47.6	-371.3	-45.1
-87.7	104.65	3130	1990-01-01	-53.4	-416.6	-53.5
-87.95	-91.92	2550	1990-01-01	-48.4	-378.5	-46.3
-88.03333333	104.58	3070	1990-01-01	-53.3	-415	-52.5
-88.43	104.45	3050	1990-01-01	-53.4	-413.8	-51.4
-88.63	-92.43	2650	1990-01-01	-49.3	-386.7	-49.1
-89	-92.97	2750	1990-01-01	-50.8	-394.5	-50.7
-89.14	-77.06	1239	2001-01-01	-31.61	-248.08	-26.4
-89.18	105.58	2950	1990-01-01	-51.6	-398.7	-51.5
-89.37	-91.65	2850	1990-01-01	-50.9	-395.4	-51.1
-89.53	108.2833333	2900	1990-01-01	-51.6	-403.2	-50.3
-89.88	114.37	2880	1990-01-01	-51.7	-404.7	-49.6
-90	NaN	2880	1990-01-01	-51.2	-398.3	-49.3
-90	NaN	2900	1979-01-01	-51.05	-398.89	NaN
-75.58333333	-20.56666667	30	2017-07-01	-23.607	-182.85	NaN
-75.58333333	-20.56666667	30	2017-11-01	-22.543	-176.27	NaN
-75.58333333	-20.56666667	30	2018-01-15	-14.349	-109.2	NaN
-75.58333333	-20.56666667	30	2018-08-01	-20.295	-156.73	NaN
-75.58333333	-20.56666667	30	2018-11-01	-17.05	-131.02	NaN
-75.58333333	-20.56666667	30	2018-10-01	-25.414	-198.43	NaN
-75.58333333	-20.56666667	30	2018-12-20	-16.265	-124.52	NaN
-75.58333333	-20.56666667	30	2019-01-15	-14.613	-107.28	NaN
-75.58333333	-20.56666667	30	2019-02-03	-20.91	-162.05	NaN