%Latitude (°)	Longitude (°)	Elevation	Published distance from coast (km)	Calculated distance from coast (km)	Temperature (°C)	Accumulation (cm/year)	Deuterium (per mill) : mean	Oxygen 18 (per mill) : mean	Deuterium excess (per mill) : mean
-77.08	94.92	3650	1020	1021	-57.5	3.8	-428.38	-55.22	13.41
-78.47	106.8	3488	1410	1261	-55.5	2.3	-441.9	-57.2	15.68
-78.47	106.84	3488	1406	1260	-57	2.1	-440.05	-56.5	15.1
-75.1	123.35	3233	870	919	-54.5	2.5	-393.8	-50.33	8.79
-74.1	97.45	3499	840	838	-52.6	6.4	-398.52	-51.06	9.79
-77.48	158.72	2365	120	114	-37	6	-309.19	-39.23	4.65
-81.66	-148.82	621	470	468	-24.5	12.4	-202.27	-25.56	2.32
-77.19	39.42	3810	1000	807	-57.7	2.5	NaN	-59.23	NaN
-77.19	39.42	3810	1000	807	-54.4	2.5	-435.47	-56.7	18.13
-66.77	112.81	1379	90	92	NaN	64	-170.22	-21.66	3.09
-66.72	112.81	1270	90	88	NaN	114.4	-159	-20.49	4.91
-66.15	112.81	360	40	39	NaN	80	-132.66	-17.08	4.01
-80.02	-119.52	1530	620	624	-28	10	-245.65	-31.25	4.35
-80.37	77.37	4092.5	1180	1183	-58.5	1.6	-448.41	-58.32	18.13
-57.68	-64.22	1640	55	54	-14.3	49	-148.08	-19.08	4.58
-57.68	-64.2	1600	55	55	-14.3	58	-148.54	-19.35	6.36
-90	0	2900	1270	1271	NaN	NaN	-398.89	-51.05	9.5
-66.67	140.02	NaN	NaN	47	-10	NaN	-146	NaN	NaN
-78.58	-85.42	3687	590	590	NaN	NaN	-314.6	-40.09	6.1
-66.56	93.27	652	26	17	-17.4	67	-145.89	-19.03	6.36
-67.23	94.03	NaN	NaN	67	-24.5	NaN	-221.36	-27.98	2.44
-67.43	93.38	1415.9	104	85	-24.5	34.5	-221.3	-27.95	2.3
-67.66	94.53	1735	151	114	-27.4	22	-237.23	-30.18	4.21
-67.88	94.77	1880	175	140	-28.8	17	-252.23	-31.68	1.22
-68.4	95.36	2131	224	201	-32.7	14	-267.14	-33.72	2.59
-68.71	95.72	2403	273	238	-34.6	13	-292.33	-36.85	2.47
-69.17	96.24	2587	322	293	-37.1	12	-294.37	-37.46	5.31
-69.73	95.5	2741	369	348	-38.8	17.25	-307.3	-40.25	6.1
-69.61	96.74	NaN	NaN	346	-38.1	NaN	-299.48	-38.06	4.97
-69.94	97.11	2794	411	385	-40.2	16	-319.83	-40.63	5.21
-70.38	97.61	2864	462	438	-41.3	16.2	-315.85	-40.24	6.09
-70.79	98.08	2992	511	486	-43.5	14	-321.13	-40.87	5.83
-71.19	98.54	3080	557	534	-45.1	12.1	-326.54	-41.45	5.03
-71.61	99.01	3184	607	583	-47.2	11	-361.32	-46.08	7.32
-72.13	96.58	3252	641	618	-47.1	9.25	-356.8	-45.69	8.7
-72.04	99.49	3279	657	634	-47.1	8.4	-356.82	-45.65	8.42
-72.57	100.1	3364	718	696	-51	8	-383.96	-48.82	6.6
-73.05	100.65	3421	774	753	-52.3	6.8	-382.89	-49.27	11.27
-73.49	101.15	3471	825	795	-53.4	6	-379.07	-48.73	10.77
-73.75	101.44	3498	862	818	-52.6	5.5	-397.6	-51.22	12.12
-74.15	101.89	3517	902	853	-54.5	5	-402.64	-51.87	12.28
-74.65	102.47	3529	955	899	-54.8	5	-400.93	-51.67	12.46
-75.54	103.47	3556	1065	986	-55.5	4	-411.18	-53.05	13.22
-76.03	104.03	3553	1118	1035	-55.4	3.8	-418.92	-54.09	13.77
-76.49	104.55	3516	1171	1082	-54.5	3.5	-417.38	-53.83	13.26
-76.99	105.12	3531	1232	1135	-54.9	3.7	-438.14	-56.95	17.42
-77.54	105.74	3510	1295	1193	-54.4	4	-425.02	-54.91	14.24
-77.83	106.08	3510	1329	1224	-54.3	3.3	-438.87	-56.77	15.3
-74.7	159.7	1509	101	132	-35.99	NaN	-292.81	-36.88	2.27
-74.69	159.37	1546	110	138	-36.36	NaN	-320.07	-40.45	3.54
-74.69	159.19	1576	115	142	-36.66	NaN	-289.12	-36.42	2.25
-74.68	159.02	1588	119	146	-36.78	NaN	-315.97	-40.29	6.35
-74.68	158.87	1597	123	149	-36.87	NaN	-304.8	-38.23	1.07
-74.68	158.68	1603	128	154	-36.93	NaN	-319.2	-40.17	2.15
-74.68	158.51	1607	132	157	-36.97	NaN	-314.52	-39.51	1.56
-74.66	158.34	1614	138	162	-37.04	NaN	-331.92	-41.94	3.58
-74.64	157.5	1776	167	182	-38.66	NaN	-305.88	-38.45	1.69
-74.6	157.34	1782	172	189	-38.72	NaN	-332.27	-41.97	3.51
-74.57	157.22	1784	176	194	-38.74	NaN	-298.56	-37.46	1.11
-74.54	157.1	1829	181	199	-39.19	NaN	-332.34	-42.13	4.73
-74.44	156.74	1888	196	214	-39.78	NaN	-321.7	-40.55	2.72
-74.41	156.62	1898	200	219	-39.88	NaN	-347.53	-43.43	-0.07
-74.38	156.5	1914	206	224	-40.04	NaN	-338	-42.69	3.51
-74.32	156.39	1957	210	231	-40.47	NaN	-313.29	-39.61	3.63
-74.28	156.33	1967	214	235	-40.57	NaN	-338.27	-42.62	2.67
-74.23	156.27	1994	219	240	-40.84	NaN	-332.67	-41.81	1.82
-74.15	156.15	2025	227	249	-41.15	NaN	-334.99	-42.28	3.29
-74.11	156.08	2026	231	253	-41.16	NaN	-347.87	-43.97	3.91
-74.07	156.02	2038	236	258	-41.28	NaN	-334.09	-41.88	0.97
-74.03	155.96	2065	238	263	-41.55	NaN	-333.1	-41.88	1.95
-74.04	155.83	2066	240	264	-41.56	NaN	-306.7	-38.45	0.87
-74.07	155.69	2074	241	265	-41.64	NaN	-300.6	-38.33	6
-74.09	155.57	2077	243	266	-41.67	NaN	-320.85	-40.54	3.49
-74.12	155.42	2082	245	267	-41.72	NaN	-315.29	-39.51	0.82
-74.14	155.29	2087	247	269	-41.77	NaN	-316.6	-40.71	9.11
-74.2	155.02	2102	251	271	-41.92	NaN	-330.88	-42.9	12.31
-74.22	154.88	2109	253	273	-41.99	NaN	-321.1	-40.75	4.93
-74.24	154.74	2113	256	275	-42.03	NaN	-347.02	-43.62	1.98
-74.27	154.6	2121	257	277	-42.11	NaN	-332.75	-42.01	3.35
-74.29	154.48	2126	260	278	-42.16	NaN	-314.51	-39.7	3.06
-74.36	154.04	2145	269	284	-42.35	NaN	-321.39	-40.67	4
-74.39	153.9	2164	271	286	-42.54	NaN	-339.16	-42.83	3.51
-74.44	153.61	2171	277	291	-42.61	NaN	-337.66	-42.64	3.44
-74.46	153.47	2177	281	294	-42.67	NaN	-351.21	-44.29	3.1
-74.48	153.33	2178	283	296	-42.68	NaN	-337.63	-42.29	0.73
-74.51	153.19	2195	286	298	-42.85	NaN	-303.11	-38.42	4.22
-74.53	153.03	2195	290	301	-42.85	NaN	-342.94	-43.23	2.91
-74.55	152.89	2203	293	304	-42.93	NaN	-339.68	-42.74	2.23
-74.58	152.74	2216	296	306	-43.06	NaN	-350.28	-44.02	1.86
-74.6	152.59	2227	299	309	-43.17	NaN	-341.81	-43.56	6.71
-74.62	152.45	2236	302	312	-43.26	NaN	-314.46	-38.85	-3.67
-74.65	152.31	2238	306	314	-43.28	NaN	-337.57	-43.07	7
-74.7	152.02	2250	312	320	-43.4	NaN	-316.16	-39.92	3.17
-74.72	151.87	2272	316	323	-43.62	NaN	-304.93	-38.32	1.59
-74.74	151.72	2273	322	326	-43.63	NaN	-342.02	-43.24	3.92
-74.76	151.57	2271	322	329	-43.61	NaN	-357.49	-45.1	3.28
-74.78	151.42	2296	324	333	-43.86	NaN	-332.33	-41.84	2.4
-74.8	151.27	2308	327	336	-43.98	NaN	-300.86	-38.14	4.29
-74.82	151.14	2302	330	339	-43.92	NaN	-356.31	-45.69	9.21
-74.85	151	2297	333	342	-43.87	NaN	-342.56	-43.16	2.73
-74.87	150.85	2318	339	345	-44.08	NaN	-315.7	-39.4	-0.47
-74.92	150.55	2326	342	352	-44.16	NaN	-351.26	-44.35	3.55
-74.94	150.4	2333	346	355	-44.23	NaN	-349.66	-44.09	3.05
-74.96	150.25	2337	352	358	-44.27	NaN	-354.99	-44.77	3.2
-74.98	150.11	2344	355	362	-44.34	NaN	-342.06	-42.9	1.14
-75	149.96	2345	358	365	-44.35	NaN	-357.86	-45.34	4.84
-75.03	149.81	2365	360	368	-44.55	NaN	-357.28	-45.33	5.34
-75.07	149.5	2381	370	376	-44.71	NaN	-359.65	-45.89	7.48
-75.09	149.35	2374	373	379	-44.64	NaN	-357.96	-45.71	7.73
-75.11	149.19	2375	378	383	-44.65	NaN	-334.5	-42.22	3.3
-75.18	148.74	2394	389	394	-44.84	NaN	-368.73	-46.91	6.55
-75.22	148.4	2413	398	402	-45.03	NaN	-367.21	-46.73	6.62
-75.3	147.79	2422	413	417	-45.12	NaN	-358.6	-45.86	8.3
-75.32	147.64	2423	415	421	-45.13	NaN	-355.16	-45.54	9.15
-75.36	147.31	2427	424	429	-45.17	NaN	-367.9	-46.98	7.94
-75.37	147.15	2434	430	433	-45.24	NaN	-341.58	-42.61	-0.72
-75.48	146.31	2449	450	454	-45.39	NaN	-365.21	-46.48	6.6
-75.5	146.15	2451	454	458	-45.41	NaN	-367.64	-46.79	6.66
-75.56	145.02	2480	473	484	-45.7	NaN	-363.64	-46.47	8.09
-75.57	144.83	2492	478	489	-45.82	NaN	-373.27	-47.37	5.72
-75.57	144.66	2499	486	493	-45.89	NaN	-358.37	-45.86	8.52
-75.57	144.48	2499	491	498	-45.89	NaN	-362.55	-46.19	7
-75.58	144.12	2506	499	506	-45.96	NaN	-369.39	-47.03	6.85
-75.58	143.94	2509	504	511	-45.99	NaN	-371.59	-47.03	4.65
-75.6	143.22	2532	521	529	-46.22	NaN	-367.08	-46.59	5.61
-75.61	142.68	2553	534	542	-46.43	NaN	-398.33	-50.75	7.65
-75.61	142.31	2570	543	551	-46.6	NaN	-373.29	-47.41	6.01
-75.62	141.78	2582	558	565	-46.72	NaN	-370.52	-47.08	6.1
-75.62	141.42	2594	566	574	-46.84	NaN	-375.68	-47.85	7.09
-75.62	141.24	2602	570	578	-46.92	NaN	-367.08	-46.61	5.83
-75.62	139.44	2665	612	624	-47.55	NaN	-358.49	-45.73	7.32
-75.63	138.72	2711	623	642	-48.01	NaN	-383.77	-48.91	7.47
-75.62	138.54	2712	629	647	-48.02	NaN	-372.97	-47.49	6.97
-75.62	138.36	2709	634	652	-47.99	NaN	-392.05	-50.3	10.34
-75.62	137.64	2734	653	670	-48.24	NaN	-373.7	-47.48	6.16
-75.61	137.45	2748	659	675	-48.38	NaN	-400.38	-50.78	5.88
-75.61	137.27	2759	660	680	-48.49	NaN	-394.59	-50.67	10.78
-75.61	136.91	2763	672	689	-48.53	NaN	-398.74	-50.88	8.33
-75.61	136.74	2777	675	694	-48.67	NaN	-361.72	-46	6.26
-75.61	136.19	2787	691	708	-48.77	NaN	-374.1	-47.99	9.79
-75.6	136.01	2789	689	712	-48.79	NaN	-394.77	-50.46	8.9
-75.6	135.83	2792	692	717	-48.82	NaN	-394.36	-50.54	9.97
-75.58	135.35	2808	708	730	-48.98	NaN	-395.89	-50.53	8.36
-75.58	134.81	2823	720	744	-49.13	NaN	-395.76	-50.48	8.09
-75.58	134.63	2823	725	749	-49.13	NaN	-398.69	-50.85	8.14
-75.52	132.48	2905	785	806	-49.95	NaN	-398.59	-50.61	6.3
-75.52	132.12	2920	784	815	-50.1	NaN	-397.84	-50.77	8.35
-75.51	131.59	2943	800	829	-50.33	NaN	-397.05	-50.6	7.76
-75.49	131.05	2968	813	844	-50.58	NaN	-376.72	-47.76	5.4
-75.47	130.52	2995	830	858	-50.85	NaN	-402.19	-50.74	3.77
-75.47	130.34	3001	833	863	-50.91	NaN	-393.37	-50.47	10.39
-75.44	129.58	3043	851	884	-51.33	NaN	-378.92	-48.08	5.7
-75.43	129.4	3053	854	888	-51.43	NaN	-372.81	-47.68	8.66
-75.38	127.99	3129	891	926	-52.19	NaN	-395.71	-50.37	7.29
-75.29	125.71	3193	951	927	-52.83	NaN	-394.43	-50.35	8.39
-75.27	125.19	3202	965	927	-52.92	NaN	-394.86	-50.56	9.61
-68.76	135.67	2344	50	272	-38.5	NaN	-287.47	-36.41	3.81
-68.73	135.31	2350	65	271	-38.5	NaN	-264.41	-33.63	4.63
-68.91	136.71	2338	5	269	-38.5	NaN	-284.49	-35.64	0.63
-68.86	136.37	2349	20	268	-38.5	NaN	-286.97	-36.21	2.71
-69.14	137.18	2376	95	287	-37.95	NaN	-277.36	-35.18	4.08
-69.22	137.42	2404	110	294	-37.6	NaN	-282.99	-35.98	4.85
-69.29	138.15	2373	140	296	-37.99	NaN	-278.9	-35.41	4.38
-69.33	138.53	2361	155	299	-38.14	NaN	-296.73	-37.69	4.79
-69.41	139.23	2350	185	308	-38.23	NaN	-281.3	-35.76	4.78
-69.49	139.6	2334	200	306	-38.76	NaN	-289.46	-36.63	3.58
-69.74	140.04	2340	230	312	-38.56	NaN	-293.07	-36.95	2.53
-69.84	140.22	2331	245	315	-38.85	NaN	-298.78	-37.88	4.26
-70.06	140.64	2299	275	324	-39.93	NaN	-293.3	-36.9	1.9
-70.18	140.85	2282	290	329	-40.68	NaN	-325.25	-41.2	4.35
-70.43	141.1	2256	320	348	-41.82	NaN	-301.38	-37.91	1.9
-70.56	141.19	2248	335	360	-42.17	NaN	-292.86	-37.28	5.38
-70.81	141.35	2247	365	379	-42.21	NaN	-298.25	-37.94	5.27
-70.93	141.51	2247	380	384	-42.32	NaN	-306.28	-38.9	4.92
-71.15	141.99	2169	410	390	-41.67	NaN	-312.16	-40.07	8.4
-71.25	142.25	2176	425	394	-41.73	NaN	-308.82	-39.34	5.9
-71.39	142.96	2164	455	392	-41.63	NaN	-336.07	-42.84	6.65
-71.44	143.31	2155	470	390	-41.81	NaN	-319.18	-40.52	4.98
-71.5	143.7	2147	485	389	-42.14	NaN	-293.01	-37.32	5.55
-71.55	144.09	2159	500	389	-41.64	NaN	-271.36	-34.18	2.08
-71.6	144.46	2143	515	389	-42.3	NaN	-297.06	-37.44	2.46
-71.66	144.87	2144	530	389	-42.26	NaN	-302.13	-38.21	3.55
-71.71	145.26	2143	545	388	-42.3	NaN	-333.96	-42.49	5.96
-71.81	145.57	2146	560	393	-42.36	NaN	-297.91	-37.42	1.45
-72	146.2	2145	590	404	-42.34	NaN	-286.46	-36.14	2.66
-72.09	146.53	2156	605	410	-42.55	NaN	-301.29	-38.02	2.87
-72.18	146.85	2165	620	417	-42.73	NaN	-288.99	-36.65	4.21
-72.27	147.18	2169	635	424	-42.81	NaN	-336.3	-42.67	5.06
-72.33	147.51	2175	650	429	-42.98	NaN	-299.71	-37.74	2.21
-72.43	148.35	2155	680	435	-42.89	NaN	-297.21	-37.69	4.31
-72.48	148.77	2152	695	439	-42.87	NaN	-292.52	-37.12	4.44
-72.57	149.61	2135	715	449	-42.79	NaN	-293.67	-36.91	1.61
-72.62	150.03	2136	740	454	-42.8	NaN	-298.81	-37.87	4.15
-72.6	150.88	2137	770	430	-42.8	NaN	-303.68	-38.29	2.64
-72.58	151.32	2151	785	417	-41.65	NaN	-302.92	-38.25	3.08
-72.54	152.06	2153	815	395	-41.48	NaN	-296.16	-37.52	4
-72.51	152.59	2146	830	379	-41.43	NaN	-289	-36.82	5.56
-72.46	153.47	2135	860	354	-41.47	NaN	-284.74	-35.93	2.7
-72.43	153.9	2132	875	341	-41.48	NaN	-282.64	-35.46	1.04
-72.37	154.77	2126	905	317	-41.5	NaN	-275.64	-35.03	4.6
-72.35	155.21	2141	920	305	-40.91	NaN	-280.78	-35.46	2.9
-72.3	156.08	2155	950	283	-40.37	NaN	-296.46	-37.25	1.54
-72.25	156.53	2168	965	271	NaN	NaN	-299.33	-37.78	2.91
-72.12	157.3	2167	995	245	NaN	NaN	-271.77	-34.27	2.39
-72.05	157.67	2173	1010	232	NaN	NaN	-295.36	-37.12	1.6
-71.91	158.42	2180	1040	203	NaN	NaN	-271.89	-34.31	2.59
-74.47	155.27	2016	0	247	-40.8	NaN	-307.05	-38.57	1.51
-74.39	155.41	2018	10	249	-40.85	NaN	-305.91	-38.46	1.77
-74.3	155.57	2023	20	251	-40.92	NaN	-344.64	-43.09	0.08
-74.21	155.74	2025	30	253	-40.94	NaN	-323.25	-40.88	3.79
-74.13	155.81	2028	40	258	-40.98	NaN	-335.46	-42.32	3.1
-74.05	155.91	2052	50	261	-41.29	NaN	-320.95	-40.56	3.53
-73.99	156.04	2073	60	263	-41.57	NaN	-304.45	-38.35	2.35
-73.92	156.22	2086	70	265	-41.73	NaN	-331.19	-41.98	4.65
-73.85	156.42	2091	80	264	-41.8	NaN	-323.17	-40.63	1.87
-73.78	156.63	2107	90	260	-42.01	NaN	-318.7	-40.45	4.9
-73.71	156.8	2129	100	257	-42.29	NaN	-339.77	-43.26	6.31
-73.64	157	2171	110	254	-42.84	NaN	-307.16	-39.12	5.8
-73.56	157.19	2188	120	251	-43.06	NaN	-306.86	-39.02	5.3
-73.49	157.38	2195	130	249	-43.15	NaN	-313.78	-39.75	4.22
-73.42	157.57	2197	140	247	-43.17	NaN	-301.64	-38.26	4.44
-73.35	157.76	2208	150	245	-43.12	NaN	-308.92	-39.17	4.44
-73.28	157.95	2231	160	244	-42.78	NaN	-300.52	-38.28	5.72
-73.2	158.12	2248	170	243	-42.52	NaN	-319.14	-41.24	10.78
-73.13	158.3	2251	180	243	-42.48	NaN	-298.76	-37.84	3.96
-73.05	158.5	2261	190	242	-42.33	NaN	-289.23	-36.72	4.53
-72.99	158.67	2282	200	243	-42.01	NaN	-302.52	-38.35	4.28
-72.91	158.84	2299	210	244	-41.76	NaN	-323.01	-41.1	5.79
-72.84	159.01	2312	220	245	-41.56	NaN	-299.39	-38.16	5.89
-72.71	159.03	2311	230	254	-41.32	NaN	-287.32	-36.47	4.44
-72.63	158.95	2299	240	253	-40.9	NaN	-279.94	-35.76	6.14
-72.54	158.88	2279	250	247	-40.2	NaN	-305.88	-38.5	2.12
-72.45	158.8	2267	260	241	-39.78	NaN	-289.38	-36.65	3.82
-72.37	158.74	2247	270	235	-39.08	NaN	-297.26	-37.72	4.5
-72.28	158.66	2234	280	230	-38.62	NaN	-269.71	-33.98	2.13
-72.2	158.57	2221	290	225	-38.16	NaN	-304.96	-38.47	2.8
-72.11	158.49	2208	300	220	-37.71	NaN	-260.9	-33.15	4.3
-72.02	158.51	2196	310	211	-37.29	NaN	-307.26	-38.93	4.18
-71.93	158.52	2188	320	203	-37.01	NaN	-295.99	-37.34	2.73
-70.52	158.64	2185	475	74	-36.9	NaN	-224.64	-28.58	4
-70.36	158.42	1723	485	73	-26.42	NaN	-230.71	-29.3	3.69
-71.89	158.54	2185	325	199	-36.9	NaN	-273.01	-34.29	1.31
-71.78	158.59	2177	335	189	-36.75	NaN	-267.61	-33.91	3.67
-71.69	158.64	2177	345	180	-36.75	NaN	-263.15	-33.24	2.77
-71.61	158.65	2169	355	173	-36.61	NaN	-270.19	-34.28	4.05
-71.52	158.62	2148	365	165	-36.22	NaN	-266.04	-33.62	2.92
-71.42	158.59	2121	375	155	-35.72	NaN	-268.64	-33.89	2.48
-71.33	158.56	2102	385	147	-35.37	NaN	-247.49	-31.31	2.99
-71.25	158.46	2070	395	140	-34.79	NaN	-256.41	-32.41	2.87
-71.18	158.28	2049	405	137	-34.4	NaN	-254.27	-32.36	4.61
-71.08	158.32	2021	415	127	-33.71	NaN	-273.58	-34.37	1.38
-70.99	158.37	1993	425	118	-33.03	NaN	-255.89	-32.52	4.27
-70.9	158.44	1964	435	108	-32.32	NaN	-247.94	-31.47	3.82
-70.82	158.56	1954	445	99	-32.08	NaN	-258.25	-32.8	4.15
-70.76	158.7	1947	455	90	-31.9	NaN	-254.06	-32.16	3.22
-70.68	158.86	1946	465	80	-31.85	NaN	-243.12	-30.97	4.64
-73.1	165.47	2960	85	85	-33.1	13.1	NaN	-34.33	NaN
-73.92	163.75	1800	53	53	-29	20.3	NaN	-32.91	NaN
-74.6	163.05	650	50	50	-20.8	26	NaN	-25.48	NaN
-73.63	160.15	1980	164	164	-35.1	14.6	NaN	-36.5	NaN
-73.85	165.1	150	46	46	-18.2	26	NaN	-24.78	NaN
-75.52	165.32	40	41	41	-20	16	NaN	-22.2	NaN
-74.64	157.5	1776	183	183	-38.5	5.4	NaN	-36.92	NaN
-74.02	155.95	2065	263	263	-41.8	11.2	NaN	-41.14	NaN
NaN	NaN	NaN	NaN	NaN	-44.5	1.5	NaN	-39.31	NaN
-75.54	145.86	2454	464	464	-47.8	4.5	NaN	-47.2	NaN
-75.62	140.63	2611	594	594	-48.4	3.1	NaN	-48.62	NaN
-75.6	135.81	2792	718	718	-50.5	2.2	NaN	-51.26	NaN
-75.45	129.81	3024	877	877	-51	2.9	NaN	-52.26	NaN
-68.94	136.93	2333	268	268	-38.5	21.3	NaN	-38.65	NaN
-70.87	141.38	2244	383	383	-42.3	11.7	NaN	-38.76	NaN
-71.71	145.26	2143	388	388	-42.3	11.2	NaN	-38.43	NaN
-72.63	150.17	2137	452	452	-42.8	8.4	NaN	-37.99	NaN
-72.39	154.48	2126	325	325	-41.5	10	NaN	-36.28	NaN
-71.89	158.53	2184	199	199	-36.9	12.9	NaN	-35.61	NaN
-70.68	158.86	1947	80	80	-31.8	24.1	NaN	-31.23	NaN
-72.77	159.07	2316	249	249	-41.5	8.7	NaN	-36.83	NaN
-66.73	112.83	1390	89	89	-21.2	NaN	-167	-21.1	5.3
-67.71	109.8	1386	99	99	-24	NaN	-202.2	-25.7	5
-68.41	112.21	1630	213	213	-26.8	NaN	-239.2	-30.2	2.7
-69.35	111.85	2119	299	299	-33.8	NaN	-253.1	-32.3	5.1
-69.8	112.01	2310	348	348	-35.8	NaN	-261.1	-33.1	3.8
-70.15	111.83	2433	382	382	-37.7	NaN	-303.7	-38.3	2.6
-70.44	111.74	2525	412	412	-37.2	NaN	-292.5	-37.2	4.7
-70.75	111.56	2623	444	444	-41.8	NaN	-314.4	-40	5.2
-71.17	111.36	2696	488	488	-43.4	NaN	-312.5	-39.5	3.2
-71.6	111.25	2759	534	534	-44.7	NaN	-336.3	-42.7	5.1
-72.04	110.92	2811	581	581	-46.7	NaN	-343.2	-43.4	4.3
-72.38	110.74	2868	617	617	-47.9	NaN	-337.5	-42.9	5.4
-72.43	110.7	2875	623	623	-48.3	NaN	-352	-44.7	5.8
-72.87	110.49	2945	671	671	-49.8	NaN	-335.9	-42.8	6.2
-73.24	110.46	2986	712	712	-52.9	NaN	-357.1	-45.5	6.6
-73.7	110.2	3046	762	762	-52.2	NaN	-359.5	-45.6	5.2
-74.14	109.83	3093	810	810	-52.4	NaN	-373.7	-47.8	8.7
-69.15	136.22	2425	300	300	-38.03	NaN	-301.88	-37.85	0.95
-70.02	134.84	2500	411	411	-40.76	NaN	-317.93	-40.45	5.7
-71.24	132.6	2735	495	495	-41.95	NaN	-327.54	-41.55	4.87
-71.65	131.82	2843	530	530	-43.31	NaN	-338.79	-42.85	4
-72.7	129.62	3000	634	634	-45.29	NaN	-358.34	-45.62	6.62
-73.39	128.19	3143	710	710	-47.09	NaN	-374.99	-47.81	7.47
-74.15	123.1	3280	819	819	-50.52	NaN	-399.15	-50.99	8.75
-68.55	137.07	2280	226	226	-36.21	NaN	-247.48	-32.52	2.7
-71.99	131.18	2883	562	562	-43.81	NaN	-350.85	-44.5	5.19
-72.77	129.47	3005	641	641	-45.35	NaN	-378.62	-48.49	9.32
-74.36	125.46	3143	826	826	-49.07	NaN	-395.34	-50.8	11.09
-70.21	134.82	2500	430	430	-40.76	NaN	-305.06	-38.94	6.23
-77.08	94.5	3800	1225	1014	-59.2	NaN	NaN	-55.33	NaN
-76.84	94.8	3740	1145	1001	-58.44	NaN	NaN	-53.96	NaN
-76.54	95.19	3720	1042	985	-58.19	NaN	NaN	-53.17	NaN
-76.43	95.34	3700	1003	980	-57.94	NaN	NaN	-54.42	NaN
-76.05	95.82	3498	875	963	-55.39	NaN	NaN	-51.63	NaN
-76.06	95.81	3440	878	964	-54.66	NaN	NaN	-53.25	NaN
-75.4	96.65	3350	655	940	-53.53	NaN	NaN	-44.9	NaN
-75.15	96.98	3130	567	932	-50.76	NaN	NaN	-46.4	NaN
-74.84	97.37	2700	462	919	-45.34	NaN	NaN	-43.2	NaN
-74.73	97.51	2700	425	908	-45.34	NaN	NaN	-36.6	NaN
-71.48	96.16	2110	187	544	-37.91	NaN	NaN	-34	NaN
-67.34	93.52	570	30	76	-18.5	NaN	NaN	-19.59	NaN
NaN	NaN	NaN	NaN	NaN	NaN	NaN	-139	-18.13	6
NaN	NaN	NaN	NaN	NaN	NaN	NaN	-428	-55.5	16
NaN	NaN	NaN	NaN	NaN	NaN	NaN	-221	-27.51	0.9
NaN	NaN	NaN	NaN	NaN	NaN	NaN	-158	-20.48	5.8
NaN	NaN	NaN	NaN	NaN	NaN	NaN	-149	-19.28	5.2
NaN	NaN	NaN	NaN	NaN	NaN	NaN	-147	-19.01	5.1
NaN	NaN	NaN	NaN	NaN	NaN	NaN	-146	-18.81	4.5
NaN	NaN	NaN	NaN	NaN	NaN	NaN	-142	-18.38	5
NaN	NaN	NaN	NaN	NaN	NaN	NaN	-313.5	-39.85	5.3
NaN	NaN	NaN	NaN	NaN	NaN	NaN	-315	-40.3	7.4
-77.53	167.28	10	NaN	33	NaN	NaN	-145.79	NaN	NaN
-77.53	167.28	100	NaN	33	NaN	NaN	-181.27	NaN	NaN
-77.53	167.28	1200	NaN	33	NaN	NaN	-221.3	NaN	NaN
-77.53	167.28	1500	NaN	33	NaN	NaN	-291.49	NaN	NaN
-77.53	167.28	2110	NaN	33	NaN	NaN	-276.59	NaN	NaN
-77.53	167.28	3040	NaN	33	NaN	NaN	-289.35	NaN	NaN
-77.53	167.28	3380	NaN	33	NaN	NaN	-281.43	NaN	NaN
-77.53	167.28	3560	NaN	33	NaN	NaN	-288.83	NaN	NaN
-68.65	61.12	1832	NaN	107	-29.9	121.52	-255.38	-32.43	4.03
-68.94	61.11	1997	NaN	139	-30.9	71.75	-268.96	-34.16	4.35
-69.22	61.09	2180	NaN	171	-32.5	16.2	-268.21	-34.08	4.4
-69.5	61.12	2328	NaN	202	-34.1	7.98	-290.64	-36.92	4.74
-69.79	61.12	2500	NaN	233	-35.2	18.56	-279.9	-35.8	6.47
-70.07	61.13	2628	NaN	263	-38.7	98.99	-282.56	-36.02	5.63
-70.35	61.12	2612	NaN	293	-40	106.73	-310.85	-39.68	6.58
-70.61	60.78	2580	NaN	324	-40.1	112.26	-318.81	-40.46	4.87
-70.85	60.31	2575	NaN	354	-40	153.69	-313.28	-39.94	6.26
-71.04	59.66	2610	NaN	378	-40.3	108.47	-320.37	-40.84	6.31
-71.29	59.21	2616	NaN	409	-40.8	131.7	-321.98	-41.02	6.19
-71.57	59.16	2582	NaN	440	-40.9	75	-321.75	-40.98	6.05
-71.85	59.31	2504	NaN	469	-39.8	165.02	-322.44	-41.2	7.12
-72.09	58.83	2557	NaN	498	-40.9	82.71	-341.09	-43.33	5.54
-72.33	58.33	2612	NaN	528	-40.9	197.68	-333.08	-42.25	4.92
-72.57	57.85	2696	NaN	558	-42.4	54.98	-328.26	-41.84	6.44
-72.81	57.33	2691	NaN	589	-42.3	97.16	-340.87	-43.4	6.31
-73.05	56.84	2734	NaN	619	-43.2	73.77	-321.55	-41.01	6.51
-73.31	56.47	2728	NaN	650	-43.4	78.47	-336.9	-43.11	8.01
-73.57	56.07	2746	NaN	681	-43.9	148.83	-343.66	-43.87	7.29
-73.83	55.67	2740	NaN	713	-43	83.05	-346.62	-44.44	8.92
-74.1	55.75	2704	NaN	740	-42.7	98.39	-326.8	-41.77	7.38
-74.36	55.91	2662	NaN	765	-42.7	114.85	-361.1	-46.11	7.8
-74.63	56.04	2682	NaN	784	-42.2	135.81	-340.98	-43.48	6.88
-74.9	56.17	2704	NaN	804	-42.4	185.64	-354.01	-45.06	6.47
-75.16	56.31	2772	NaN	823	-43	-4.26	-343.99	-43.91	7.29
-75.43	56.45	2862	NaN	844	-44.5	97.83	-356.81	-45.61	8.08
-75.7	56.6	2925	NaN	866	-45.5	23.38	-342.99	-43.64	6.12
-75.84	57.53	2888	NaN	881	-37.7	30.3	-333.01	-42.43	6.42
-75.98	58.48	2834	NaN	873	-43.8	61.35	-378.52	-48.26	7.56
-76.11	59.44	2842	NaN	867	-44	4.96	-329.6	-42.02	6.57
-76.11	60.56	2746	NaN	848	-42.3	41.15	-340.38	-43.41	6.89
-76.1	61.68	2586	NaN	829	-40.9	48.91	-321.49	-40.84	5.19
-76.09	62.79	2511	NaN	811	-40.7	47.43	-324.04	-41.02	4.13
-76.07	63.91	2430	NaN	793	-39.6	67.97	-333.28	-42.21	4.36
-76.04	65.02	2345	NaN	776	-38.5	30.9	-300.32	-37.91	2.99
-75.87	65.43	2250	NaN	754	-36.4	-4.47	-310.3	-39.19	3.22
-76.08	66.15	2344	NaN	767	-37.8	111.64	-334.12	-42.45	5.48
-76.14	66.85	2344	NaN	766	-38.8	55.02	-338.91	-43.05	5.49
-76.02	67.41	2267	NaN	748	NaN	20.98	-312.1	-39.64	5
-75.86	68.2	2163	NaN	724	-38.7	79.5	-307.48	-39.01	4.61
-75.86	69.3	2222	NaN	715	-38.6	NaN	-315.44	-40.01	4.67
-75.86	70.4	2283	NaN	708	-38.9	NaN	-299.62	-37.9	3.6
-75.85	71.5	2346	NaN	702	-39.8	63.07	-325.8	-41.21	3.86
-75.66	72.27	2342	NaN	678	-38.9	3.8	-315.86	-40.03	4.36
-75.47	73.03	2349	NaN	655	-37.3	19.88	-310.28	-39.4	4.92
-75.28	73.78	2296	NaN	633	-35.7	-7.15	-319.2	-40.35	3.61
-75.09	74.52	2327	NaN	612	-35.4	8.32	-329.97	-41.59	2.71
-74.9	75.25	2451	NaN	591	-35.8	130.2	-329.64	-41.44	1.91
-74.73	75.53	2479	NaN	572	-35.3	101.4	-331.66	-41.92	3.7
-74.48	75.88	2460	NaN	544	-35.5	98.78	-329.26	-41.67	4.13
-74.26	76.17	2472	NaN	520	-35.6	21.5	-303.86	-38.4	3.37
-73.97	76.55	2550	NaN	488	-33.7	NaN	-322.41	-40.86	4.45
-73.72	76.87	2585	NaN	461	-34.2	NaN	-298.11	-37.66	3.15
-73.45	76.79	2529	NaN	431	-36.2	115.5	-326.39	-41.37	4.6
-73.19	77.03	2582	NaN	403	-36.1	62.13	-306.04	-38.84	4.64
-72.93	77.26	2514	NaN	375	-36.2	179.53	-326.22	-41.27	3.92
-72.67	77.49	2547	NaN	348	-34.5	21	-312.89	-39.52	3.24
-72.41	77.72	2420	NaN	321	-34.7	NaN	-303.41	-38.51	4.64
-72.15	77.95	2349	NaN	295	-33.3	84	-304.38	-38.63	4.67
-71.88	77.95	2325	NaN	266	-33.1	136.8	-306.51	-38.62	2.49
-71.62	77.73	2209	NaN	236	-31.7	-18	-289.52	-36.61	3.33
-71.36	77.51	2133	NaN	207	-30.7	NaN	-288.11	-36.3	2.32
-71.1	77.29	1988	NaN	177	-28.5	100.8	-274.93	-34.81	3.54
-70.84	77.08	1851	NaN	147	-28.2	202.83	-255.16	-32.31	3.33
-70.58	76.87	1650	NaN	117	NaN	223.5	-249.23	-31.63	3.81
-70.26	76.69	1386	NaN	81	NaN	195.6	-235.86	-30.11	4.98
-69.93	76.49	1040	NaN	45	NaN	285.4	-219.38	-28.04	4.94
-72.65	55.93	2862	NaN	587	NaN	NaN	-351.81	-44.86	7.05
-72.28	56.73	2876.1	NaN	539	NaN	NaN	-345.68	-44.18	7.75
-71.9	57.49	2808	NaN	491	NaN	NaN	-312.29	-39.83	6.36
-71.47	57.81	2817.8	NaN	442	NaN	NaN	-312	-39.9	7.21
-71.07	58.31	2817.3	NaN	394	NaN	NaN	-307.86	-39.39	7.22
-70.69	59.07	2753.3	NaN	345	NaN	NaN	-321.33	-41.05	7.07
-70.31	59.77	2739.5	NaN	298	NaN	NaN	-324.75	-41.4	6.44
-69.86	59.8	2620.4	NaN	249	NaN	NaN	-278.93	-35.55	5.5
-69.41	60.03	2380.7	NaN	198	NaN	NaN	-278.66	-35.39	4.49
-68.97	60.03	2132.2	NaN	152	NaN	NaN	-246.63	-31.47	5.16
-76.52	63.91	2580	NaN	837	NaN	NaN	-350.3	-44.48	5.52
-76.54	62.18	2650	NaN	862	NaN	NaN	-371.02	-47.19	6.51
-76.56	60.84	2790	NaN	883	NaN	NaN	-368.51	-46.79	5.79
-76.56	59.87	2920	NaN	898	NaN	NaN	-367.22	-46.85	7.59
-76.55	58.89	2980	NaN	913	NaN	NaN	-373.75	-47.49	6.17
-76.36	57.51	3020	NaN	922	NaN	NaN	-358.96	-45.54	5.37
-76.17	56.15	3050	NaN	890	NaN	NaN	-375.99	-47.82	6.56
-75.85	55.53	3010	NaN	854	NaN	NaN	-351.81	-44.84	6.9
-75.52	54.92	2990	NaN	818	NaN	NaN	-383.44	-48.76	6.62
-75.21	54.57	3020	NaN	788	NaN	NaN	-351.95	-44.69	5.54
-74.86	54.4	2930	NaN	760	NaN	NaN	-338.57	-43.24	7.31
-74.5	54.24	2880	NaN	732	NaN	NaN	-372.22	-47.47	7.5
-74.15	54.08	2920	NaN	706	NaN	NaN	-328.24	-41.88	6.78
-73.76	54.03	2950	NaN	681	NaN	NaN	-360.68	-46.02	7.45
-73.62	54.29	2910	NaN	680	NaN	NaN	-341.7	-43.48	6.12
-73.29	54.85	2880	NaN	664	NaN	NaN	-361.75	-46.24	8.2
-72.97	55.39	2860	NaN	627	NaN	NaN	-357.99	-45.65	7.17
-67.43	93.38	NaN	NaN	85	NaN	NaN	-215.7	-27.4	3.5
-67.86	93.75	NaN	NaN	135	NaN	NaN	-239.5	-30.13	1.5
-68.78	94.3	NaN	NaN	239	NaN	NaN	-272	-34.38	3.07
-69.35	95	NaN	NaN	303	NaN	NaN	-289.25	-36.93	6.15
-69.75	95.53	NaN	NaN	350	NaN	NaN	-304	-38.63	5
-70.18	97.03	NaN	NaN	410	NaN	NaN	-313.5	-39.85	5.3
-70.45	97.85	NaN	NaN	448	NaN	NaN	-302.4	-38.7	7.2
-70.9	99.16	NaN	NaN	513	NaN	NaN	-321	-41.5	11
-71.64	101.83	NaN	NaN	604	NaN	NaN	-333.03	-42.55	7.37
-71.9	103.31	NaN	NaN	605	NaN	NaN	-337.9	-42.8	4.5
-72.19	105.39	NaN	NaN	611	NaN	NaN	-340.5	-42.53	-0.3
-72.54	107.06	NaN	NaN	637	NaN	NaN	-343.7	-43.8	6.7
-72.89	108.79	NaN	NaN	671	NaN	NaN	-353.8	-44.3	0.6
-73.72	113.78	NaN	NaN	763	NaN	NaN	-350	-43.75	0
-73.93	115.61	NaN	NaN	777	NaN	NaN	-358.2	-45.25	3.8
-74.25	118.03	NaN	NaN	808	NaN	NaN	-359.3	-45.75	6.7
-74.18	117.72	NaN	NaN	800	NaN	NaN	-368.45	-46.45	3.15
-74.49	120.96	NaN	NaN	843	NaN	NaN	-384.5	-48.75	5.5
-74.73	124.37	NaN	NaN	873	NaN	NaN	-370.1	-47.4	9.1
-73.44	111	NaN	NaN	735	NaN	NaN	-357.3	-44.9	1.9
-71.9	103.31	NaN	NaN	605	NaN	NaN	-328.4	-42.1	8.4
-65.08	-59.58	0	NaN	25	-12.1	NaN	-188.7	-24.3	5.5
-65.17	-59.98	20	NaN	42	-12.3	NaN	-154.6	-19.5	1.6
-65.28	-60.32	20	NaN	59	-12.3	NaN	-157.9	-20.3	4.5
-65.45	-60.75	20	NaN	70	-12.4	NaN	-148.8	-19	3.4
-65.58	-61.17	50	NaN	74	-12.6	NaN	-156.5	-19.8	2.2
-65.7	-61.53	70	NaN	82	-12.7	NaN	-172	-22.1	5
-65.83	-61.95	90	NaN	87	-12.9	NaN	-171.5	-22.1	5.5
-66.33	-62.6	70	NaN	95	-12.9	NaN	-177.9	-22.5	2.1
-66.9	-63.53	50	NaN	109	-13	NaN	-174.3	-22.5	6
-67.33	-64.12	50	NaN	97	-13.1	NaN	-175.2	-22.8	6.9
-67.78	-64.7	80	NaN	86	-13.4	60	-174.4	-22.2	3.4
-68.42	-65.25	200	NaN	71	-14.3	NaN	-182.7	-23.7	7.1
-68.72	-65.43	1200	NaN	68	-15.8	NaN	-179.9	-23.3	6.9
-68.8	-65.37	1250	NaN	69	-16	NaN	-183	-23.6	5.7
-68.95	-65.43	1350	NaN	68	-16.5	50	-189.7	-24.5	7.8
-69.07	-65.33	1400	NaN	75	-17	NaN	-180.4	-23.5	7.3
-69.17	-65.3	1700	NaN	80	-17.3	NaN	-187.3	-24.2	6.4
-69.68	-65.22	1600	NaN	119	-19.6	16.4	-188.3	-24.1	4.2
-70.42	-64.73	1950	NaN	151	-19.8	16.4	-211.8	-27.3	7
-70.97	-64.68	2000	NaN	153	-21.3	NaN	-220.6	-28.3	5.5
-71.28	-65.72	1650	NaN	191	-20.7	NaN	-195.2	-25	4.3
-71.98	-65.3	1250	NaN	165	-18.1	NaN	-185.1	-23.3	1.5
-72.23	-65.48	1250	NaN	171	-18.1	NaN	-199.7	-25.3	2.4
-72.55	-65.92	1000	NaN	192	-16.4	NaN	-203.8	-26.6	8.9
-73.23	-66.8	1200	NaN	177	-18.3	NaN	-188.6	-24.3	5.9
-73.93	-67.5	1300	NaN	164	-20	50	-140.1	-18.2	5.3
-74.05	-69.95	1450	NaN	108	-20	33.8	-193.8	-25	6.2
-74.77	-72.77	1520	NaN	160	-22.1	25.1	-210	-27	6.3
-74.85	-75.75	700	NaN	181	-23	26.5	-211.9	-27.7	8.1
-75.43	-78.48	450	NaN	233	-24.8	22.8	-239.6	-30.7	5.6
-75.78	-81.67	750	NaN	292	-25.8	NaN	-246.4	-31.7	7.4
-76.42	-85.17	1050	NaN	391	-27.7	34.4	-258.2	-32.9	5.3
-76.93	-86.25	1100	NaN	450	-27.9	NaN	-255.8	-32.6	5.2
-77.6	-87.12	1500	NaN	499	-29.9	NaN	-248.4	-31.8	6.3
-78.2	-87.65	1650	NaN	525	-30.6	40	-251.9	-32	3.8
-78.82	-87.23	2050	NaN	574	-32.1	30	-295.4	-37.5	4.2
-79.17	-86.85	1800	NaN	605	-31.2	NaN	-263.3	-33.2	2.6
-79.75	-85.3	1680	NaN	672	-30.7	20	-296.2	-37.5	3.6
-80.3	-81.35	700	NaN	719	-27.3	NaN	-263.6	-33.4	3.7
-80.75	-81.25	900	NaN	736	-27.3	NaN	-271	-34.9	8.3
-81.2	-82	900	NaN	763	-28.2	NaN	-289.3	-36.9	6.2
-81.8	-82.83	1050	NaN	798	-29.1	NaN	-280.1	-35.7	5.6
-81.92	-83.33	1150	NaN	810	-29.7	NaN	-303.9	-37.8	-1.2
-82.68	-84	1250	NaN	852	-30.9	NaN	-300	-38.1	4.7
-83.08	-84.75	1320	NaN	877	-31.5	NaN	-300.6	-38.4	6.9
-83.78	-87.42	1480	NaN	933	-33.1	15	-317.7	-40	2.1
-84.2	-88.08	1550	NaN	956	-33.9	NaN	-311.3	-39.2	2.6
-84.58	-88.92	1650	NaN	979	-34.8	NaN	-321.3	-40.8	5.4
-85.18	-88.97	1730	NaN	1005	-36.8	NaN	-339.1	-42.8	3.4
-85.88	-88.17	1850	NaN	1034	-39.2	NaN	-314.8	-40.6	10.2
-86.2	-88.42	2000	NaN	1054	-40.3	10	-344.2	-43.6	4.8
-86.57	-88.95	2050	NaN	1078	-41.6	NaN	-353.5	-45	6.3
-86.9	-90.32	2200	NaN	1105	-42.7	NaN	-335.7	-42.3	2.9
-87.6	-91.1	2380	NaN	1151	-45.1	NaN	-371.3	-47.6	9.1
-87.95	-91.92	2550	NaN	1176	-46.3	8.2	-378.5	-48.4	9
-88.63	-92.43	2650	NaN	1222	-49.1	8	-386.7	-49.3	8
-89	-92.97	2750	NaN	1248	-50.7	7.6	-394.5	-50.8	11.8
-89.37	-91.65	2850	NaN	1257	-51.1	8.1	-395.4	-50.9	11.6
-90	0	2880	NaN	1271	-49.3	8.5	-398.3	-51.2	11
-89.88	114.37	2880	NaN	1268	-49.6	NaN	-404.7	-51.7	9
-89.53	108.3	2900	NaN	1266	-50.3	NaN	-403.2	-51.6	9.6
-89.18	105.58	2950	NaN	1265	-51.5	NaN	-398.7	-51.6	14.3
-88.43	104.45	3050	NaN	1257	-51.4	NaN	-413.8	-53.4	13
-88.05	104.58	3070	NaN	1253	-52.5	NaN	-415	-53.3	11.6
-87.7	104.65	3130	NaN	1248	-53.5	NaN	-416.6	-53.4	10.2
-87.33	104.42	3150	NaN	1236	-52.7	NaN	-415.2	-53.2	10.1
-86.6	104.95	3150	NaN	1213	-51.5	NaN	-418.7	-53.7	10.9
-85.55	105.67	3160	NaN	1181	-51.6	NaN	-422.5	-54.2	10.7
-85.22	105.82	3180	NaN	1174	-51.7	NaN	-427.8	-54.5	8.3
-84.47	106.28	3210	NaN	1158	-51.8	NaN	-432.2	-55.3	10
-84.12	106.28	3230	NaN	1154	-51.9	NaN	-426.1	-54.7	11.3
-83.73	106.4	3230	NaN	1150	-52.1	NaN	-430	-55.3	12.3
-83	106.2	3260	NaN	1153	-52.9	NaN	-436.5	-56.2	12.7
-82.67	106.32	3280	NaN	1153	-53.6	NaN	-422.5	-54.3	12.1
-81.83	106.47	3310	NaN	1160	-53.9	NaN	-436.6	-55.8	9.8
-81.08	106.43	3410	NaN	1176	-54.3	NaN	-435.1	-56	12.6
-80.7	106.2	3400	NaN	1189	-54.4	NaN	-446.9	-57.7	14.8
-80.28	106.23	3420	NaN	1201	-54.7	NaN	-440.7	-56.7	13.2
-79.7	106.07	3430	NaN	1224	-54.9	NaN	-414.5	-53.1	10.6
-79.13	106.13	3430	NaN	1245	-55.2	NaN	-453.7	-58.4	13.6
-78.77	106.68	3480	NaN	1250	-55.5	2.3	-441.1	-57.2	16.3
-78.12	105.78	3500	NaN	1257	-55.4	2.3	-425	-54.7	12.6
-77.72	104.78	3510	NaN	1216	-55.2	3	-444.7	-56.9	13.5
-77	102.92	3550	NaN	1147	-54.6	3.3	-427.9	-55.2	13.9
-76.6	102	3550	NaN	1110	-54.3	3.6	-417.7	-53.8	12.9
-75.9	100.52	3560	NaN	1049	-53.7	3.7	-423.9	-54.2	9.6
-75.55	100.52	3550	NaN	1012	-53.4	3.7	-416.4	-53.5	11.7
-74.73	98.68	3550	NaN	914	-52.9	3.7	-407	-52	9.4
-74.35	98	3500	NaN	868	-52.6	6.6	-399.2	-51.7	14.1
-73.68	97.43	3490	NaN	792	-50.7	6.1	-387.6	-49.8	10.4
-73.3	97.15	3430	NaN	749	-49.6	7.1	-375.3	-47.6	5.7
-72.85	96.98	3380	NaN	699	-48.3	7.8	-364.9	-46.4	6.4
-72.47	96.75	3320	NaN	656	-47.1	9.1	-344.2	-43.9	7
-71.7	96.28	3180	NaN	569	-45.3	12.3	-353.4	-44.3	1.1
-71.33	96.02	3090	NaN	526	-43.9	12.3	-351	-44.6	5.6
-70.95	95.9	2980	NaN	484	-42.5	12.9	-335.1	-43	8.7
-70.55	95.72	2870	NaN	439	-41.1	12.6	-322.6	-40.9	4.7
-70.18	95.58	2820	NaN	398	-39.7	16	-290.8	-37.1	5.8
-69.77	95.37	2720	NaN	351	-38	12.6	-283.4	-36	4.3
-69.43	95.12	2650	NaN	313	-35.5	11.2	-298.7	-37.9	4.1
-68.85	94.62	2400	NaN	247	-31	10.8	-248.6	-32	7.4
-68.08	93.83	2080	NaN	159	-27.7	18.9	-229.6	-29.4	5.5
-67.7	93.65	1850	NaN	117	-24.1	40.3	-202.9	-25.3	-0.3
-67.35	93.43	1480	NaN	76	-20.9	49	-164.6	-20.9	2.6
NaN	NaN	40	0	0	-11.2	NaN	-153.3	NaN	NaN
NaN	NaN	220	2	2	-14.5	NaN	-149.9	NaN	NaN
NaN	NaN	230	4	4	-15.6	NaN	-154.8	NaN	NaN
NaN	NaN	270	5	5	-14.3	NaN	-153.3	NaN	NaN
NaN	NaN	460	11	11	-16.3	NaN	-145.5	-19.59	11.23
NaN	NaN	405	13	13	-16.1	NaN	-153.8	NaN	NaN
NaN	NaN	470	16	16	-17.8	NaN	-148	NaN	NaN
NaN	NaN	615	18	18	-17.5	NaN	-148.5	NaN	NaN
NaN	NaN	730	26	26	-18.2	NaN	-142.5	NaN	NaN
NaN	NaN	680	26	26	-19.3	NaN	-149.9	NaN	NaN
NaN	NaN	790	33	33	-19.8	NaN	-146.7	NaN	NaN
NaN	NaN	850	33	33	-19.4	NaN	-155.4	NaN	NaN
NaN	NaN	975	43	43	-19.8	NaN	-167.2	-21.73	6.64
NaN	NaN	1210	63	63	-22.4	NaN	-175.4	NaN	NaN
NaN	NaN	1320	73	73	-23.3	NaN	-194.8	NaN	NaN
NaN	NaN	1410	83	83	-24	NaN	-201.9	-26.05	6.49
NaN	NaN	1550	103	103	-25.4	NaN	-214.2	NaN	NaN
NaN	NaN	1660	123	123	-26.9	NaN	-218.8	NaN	NaN
NaN	NaN	1795	143	143	-28.2	NaN	-221.7	NaN	NaN
NaN	NaN	1850	153	153	-28.8	NaN	-231.4	-30.39	11.69
NaN	NaN	1935	173	173	-29.8	NaN	-235.4	NaN	NaN
NaN	NaN	2050	203	203	-32.1	NaN	-254.6	NaN	NaN
NaN	NaN	2220	223	223	-34.3	NaN	-252.5	-32.93	10.91
NaN	NaN	2280	243	243	-36.9	NaN	-261.3	NaN	NaN
NaN	NaN	2290	253	253	-37.9	NaN	-269.7	-35.29	12.65
NaN	NaN	2305	283	283	-37.6	NaN	-278.7	NaN	NaN
NaN	NaN	2325	313	313	-39.5	NaN	-291.8	NaN	NaN
NaN	NaN	2340	333	333	-40.4	NaN	-288.3	NaN	NaN
NaN	NaN	2360	353	353	-41.2	NaN	-287	NaN	NaN
NaN	NaN	2365	373	373	-41.4	NaN	-288.2	NaN	NaN
NaN	NaN	2370	403	403	-41.6	NaN	-294	NaN	NaN
NaN	NaN	2430	433	433	-42.1	NaN	-300.8	-39.43	14.66
NaN	NaN	2490	453	453	-42.3	NaN	-295.7	NaN	NaN
NaN	NaN	2545	483	483	-42.6	NaN	-304.9	NaN	NaN
NaN	NaN	2580	503	503	-42.9	NaN	-311.3	NaN	NaN
NaN	NaN	2630	523	523	-43.3	NaN	-319.7	NaN	NaN
NaN	NaN	2700	563	563	-44.2	NaN	-332.9	NaN	NaN
NaN	NaN	2770	603	603	-45.6	NaN	-331.5	NaN	NaN
NaN	NaN	2810	633	633	-46.5	NaN	-330.3	-43.45	17.28
NaN	NaN	2875	663	663	-47.3	NaN	-332.2	NaN	NaN
NaN	NaN	2870	673	673	-47.6	NaN	-353.5	NaN	NaN
NaN	NaN	2895	693	693	-48.1	NaN	-342.5	NaN	NaN
NaN	NaN	2935	713	713	-48.7	NaN	-355.8	NaN	NaN
NaN	NaN	2960	733	733	-49.3	NaN	-359.3	NaN	NaN
NaN	NaN	2990	763	763	-50.4	NaN	-367.5	-48.54	20.82
NaN	NaN	3000	783	783	-51.2	NaN	-359.7	NaN	NaN
NaN	NaN	3010	813	813	-52.5	NaN	-353.1	NaN	NaN
NaN	NaN	3010	833	833	-53.5	NaN	-371.6	-48.64	17.54
NaN	NaN	NaN	NaN	NaN	-10.84	NaN	-138.18	-18.01	5.9
-74.11	155.36	272	NaN	270	-14.3	15	-141.9	-18.43	5.5
-74.14	155.17	534	NaN	272	-17.3	48	-143.4	-18.6	6.97
-74.26	154.78	848	NaN	273	-19.4	57	-150.58	-19.49	5.35
-74.88	154.04	1550	NaN	258	-25.8	27	-210.07	-26.78	4.2
NaN	NaN	NaN	NaN	NaN	NaN	NaN	-227.3	-28.97	4.2
-75.77	152.84	2053	NaN	272	-32.1	34	-254.37	-32.42	4.43
-76.24	152.45	2276	NaN	270	-36.3	25	-253.57	-32.2	4.65
-76.24	152.19	2289	NaN	276	-37.9	26.7	-262.7	-33.32	3.45
NaN	NaN	NaN	NaN	NaN	NaN	NaN	-276.8	-34.97	3.65
NaN	NaN	2343	NaN	NaN	-41	23	-283.53	-36.03	5.15
-77.81	149.8	2429	NaN	329	-42.1	22	-302.21	-38.28	4.01
NaN	NaN	NaN	NaN	NaN	NaN	NaN	-147.09	-18.94	4.45
NaN	NaN	NaN	NaN	NaN	NaN	NaN	-169.74	NaN	NaN
NaN	NaN	NaN	NaN	NaN	NaN	NaN	NaN	-25.96	NaN
NaN	NaN	NaN	NaN	NaN	NaN	NaN	-226.52	NaN	NaN
NaN	NaN	NaN	NaN	NaN	NaN	NaN	-242.56	-31.08	6.1
NaN	NaN	NaN	NaN	NaN	NaN	NaN	-253.89	-32.38	5.26
NaN	NaN	NaN	NaN	NaN	NaN	NaN	NaN	-32.12	NaN
NaN	NaN	NaN	NaN	NaN	NaN	NaN	-216.47	NaN	NaN
NaN	NaN	NaN	NaN	NaN	NaN	NaN	-297.9	NaN	NaN
-69.01	130.81	2197	NaN	239	-33.26	NaN	-262.48	-33.72	7.28
NaN	NaN	NaN	NaN	NaN	NaN	NaN	-291.44	-36.82	3.1
NaN	NaN	NaN	NaN	NaN	NaN	NaN	-141.18	NaN	NaN
-71.88	77.43	2325	NaN	261	NaN	13.14	NaN	-38.3	NaN
-73.37	77.02	2577	NaN	423	NaN	15.33	NaN	-41.02	NaN
-72.82	57.33	2689	NaN	590	NaN	12.3	NaN	-44.33	NaN
-68.65	60.25	1830	NaN	116	NaN	27.77	NaN	-35.86	NaN
-69.35	110.85	2307	NaN	286	NaN	30.61	NaN	-32.88	NaN
-69.58	48.83	2165	NaN	202	NaN	32.76	NaN	-33.78	NaN
-67.57	-68.13	5	NaN	8	-4.3	86.6	-110.9	-13.73	-1
-75.58	-20.57	30	NaN	129	-18.5	49.8	-156.4	-20.75	6.7
-65.25	-64.27	10	NaN	10	-3.6	39.8	-81.7	-10.42	1.4
-62.12	-58.56	9	NaN	156	-3.2	57.3	-88.6	-12.15	9.2
-72.75	-15.5	34	NaN	53	-19.75	39.3	-166.3	-21.4	4.9
-73.1	-13.17	363	NaN	123	-16.35	17.9	-183.1	-23.3	3.3
-74.48	-11.52	1160	NaN	272	-20.55	26.7	-243.2	-30.4	0
-75	0.01	2892	NaN	529	-43.15	7.4	-344.8	-43.6	4
-78.31	-46.27	720	50	36	-24.1	20.7	-198	-25.5	6
-79.62	-45.72	890	200	167	-26.1	13	-221.31	-28.3	5.09
-74.68	164.5	50	NaN	8	-17.8	NaN	NaN	-23.92	NaN
-74.25	164.07	800	NaN	27	-21.5	15	NaN	-27.25	NaN
-73.75	163.33	1560	NaN	76	-25.3	15	NaN	-33.53	NaN
-70.65	-8.25	40	NaN	7	-16	NaN	-158.59	-20.85	8.72
-70.45	79.32	2044	NaN	163	NaN	NaN	NaN	-32.04	NaN
-68.91	78.85	933	NaN	40	-18.33	NaN	NaN	-26.21	NaN
-69.2	79.79	1447	NaN	76	-22.28	NaN	NaN	-29.24	NaN
-69.5	80.75	1764	NaN	122	-25.1	NaN	NaN	-31.41	NaN
-69.68	81.42	1973	NaN	154	NaN	NaN	NaN	-31.83	NaN
-68	81	611	NaN	41	-15.48	NaN	NaN	-21.42	NaN
-67.72	83.66	494	NaN	91	-12.45	NaN	NaN	-24.78	NaN
-68.01	83.65	981	NaN	97	-18.5	NaN	NaN	-25.29	NaN
-68.35	84	1425	NaN	127	-20.98	NaN	NaN	-28.4	NaN
-68.78	84.3	1800	NaN	167	-24.48	NaN	NaN	-30.56	NaN
-69.28	84.56	2048	NaN	216	NaN	NaN	NaN	-34.27	NaN
-69.13	86	2078	NaN	244	-28	NaN	NaN	-32.82	NaN
-68.97	87.29	2047	NaN	264	NaN	NaN	NaN	-32.44	NaN
-67.23	88.24	837	NaN	95	-17.43	NaN	NaN	-22.99	NaN
-67.91	88.35	1406	NaN	141	-22.25	NaN	NaN	-29.37	NaN
-68.39	88.6	1733	NaN	183	-25	NaN	NaN	-31.89	NaN
-68.83	88.93	2048	NaN	226	NaN	NaN	NaN	-33.94	NaN
-66.91	91.75	983	NaN	62	-18.3	NaN	NaN	-24.04	NaN
-67.52	92.19	1550	NaN	100	NaN	NaN	NaN	-27.6	NaN
-68	92.56	1822	NaN	148	-26.85	NaN	NaN	-30.51	NaN
-68.43	92.87	2075	NaN	195	NaN	NaN	NaN	-32.48	NaN
-74.86	-2.55	2817	NaN	460	-43.8	NaN	-343.17	-44.15	10.02
-74.97	3.92	3014	NaN	539	-44.4	NaN	-353.39	-45.45	9.76
-75.58	-3.43	2669	NaN	497	NaN	58.98	-347.64	-44.41	6.64
-74.5	1.96	2843	NaN	492	-42.2	88.9	-342.91	-43.75	5.05
-75	0.01	2880	NaN	529	NaN	70.22	-348.63	-44.17	5.55
-75.75	3.28	2962	NaN	628	-44.6	61.83	-362.26	-46.47	8.62
-74.4	7.22	3161	NaN	473	-45.9	51.76	-369.88	-47.11	6.99
-75	8.01	2880	NaN	543	-47.5	51.43	-370.31	-47.45	9.31
-75.93	7.21	3145	NaN	643	-47.9	42.84	-375.24	-48.3	11.14
-75.22	11.35	3349	NaN	570	-48.7	46.78	-383.83	-49.05	8.57
-74.85	-8.5	2600	NaN	350	-37.1	197	NaN	-38.61	NaN
-75.58	-3.43	2669	NaN	497	-44.3	58.16	-348.73	-44.5	7.4
-75.17	-1	2840	NaN	516	-43.4	52.12	NaN	-44.63	NaN
-75.17	-1	2840	NaN	516	-40.5	52.87	NaN	-42.33	NaN
-75	0.01	2882	NaN	529	-44.5	79.44	-349.01	-44.48	6.81
-75	0.04	2880	NaN	530	NaN	70.45	NaN	-44.14	NaN
-74.75	1	2860	NaN	513	-43.1	73.36	-341.78	-43.54	6.58
-74.5	1.96	2843	NaN	492	NaN	90.04	NaN	-43.79	NaN
-74.67	4	2980	NaN	506	-44	88.55	-386.54	-49.39	8.6
-75.08	6.5	3160	NaN	548	NaN	58.98	-375.33	-47.92	8.54
-75.17	6.5	3160	NaN	557	-46.1	51.95	NaN	-46.35	NaN
-75.25	6.5	3160	NaN	566	-45.8	40.96	-367.55	-46.76	6.54
-75.17	5	3100	NaN	558	-45.5	51.76	NaN	-45.08	NaN
-75.08	2.5	2970	NaN	555	-45	71.35	NaN	-45.29	NaN
-74.95	-1.49	2840	NaN	490	NaN	50.05	NaN	-44.06	NaN
-75	-4.5	2740	NaN	429	-42.3	48.97	NaN	-42.48	NaN
-75	-6.5	2680	NaN	393	-40.2	65.03	-335.21	-42.56	5.47
-75	0.07	2882	NaN	531	NaN	NaN	NaN	-44.28	NaN
-75.01	0.08	2882	NaN	531	NaN	NaN	-346.53	-43.96	4.95
-72.8	159.1	2316	NaN	246	-41	8.7	-292.3	-37.15	4.83
-72.37	158.75	2246	NaN	235	-38.1	10.1	NaN	-35.98	NaN
-85.25	166.17	2700	NaN	788	NaN	NaN	NaN	-42.54	NaN
-86	-105	2580	NaN	1143	NaN	NaN	-342.07	NaN	NaN
-70.59	-60.93	NaN	NaN	10	NaN	42	NaN	-19.48	NaN
-70.67	-64.87	2002	NaN	155	-21	NaN	NaN	-24.64	NaN
-75.92	-84.25	1054	NaN	331	NaN	NaN	NaN	-29.26	NaN
-84	43	3330	NaN	1374	NaN	4	NaN	-52.56	NaN
-58.63	-62.13	700	NaN	156	-7.3	55	-72.2	-9.7	5.6
-58.61	-62.13	700	NaN	156	-7.3	55	-82.9	-10.9	4.35
-58.26	-64.22	1603	NaN	668	-15	49	-148.9	-19.2	4.7
-62.2	-58.95	NaN	NaN	151	NaN	NaN	-77.6	-10.54	6.7
-68.59	113.33	1627	NaN	244	-27.2	39.1	NaN	-28.68	NaN
-68.8	114.41	1727	NaN	246	-28	29	NaN	-29.71	NaN
-69	115.5	1828	NaN	243	-29.4	27.7	NaN	-30.65	NaN
-69.01	116.75	1828	NaN	229	-29.1	26	NaN	-29.26	NaN
-69.02	117.99	1834	NaN	227	-28.9	37.4	NaN	-30.26	NaN
-69	119.28	1884	NaN	234	-28.9	33.6	NaN	-30.26	NaN
-69.01	120.55	1974	NaN	241	-29.7	30.2	NaN	-32.46	NaN
-69.01	121.81	2042	NaN	250	-30.5	25.2	NaN	-28.78	NaN
-69.01	123.06	2135	NaN	254	-31.5	20.6	NaN	-32.09	NaN
-69	124.35	2206	NaN	261	-32.4	18.5	NaN	-31.35	NaN
-68.98	125.64	2204	NaN	254	-32.77	25.6	NaN	-32.5	NaN
-68.99	126.94	2167	NaN	232	-32.7	31.1	NaN	-31.35	NaN
-68.99	128.23	2135	NaN	222	-32.5	34.4	NaN	-29.81	NaN
-69.02	129.51	2105	NaN	226	-32.8	34	NaN	-32.15	NaN
-69.01	130.81	2155	NaN	239	-33.3	35.7	NaN	-33.2	NaN
-68.16	113.26	1280	NaN	201	-21.8	NaN	NaN	-25.74	NaN
-68.33	114.38	1432	NaN	206	-23.9	NaN	NaN	-26.29	NaN
-68.41	112.21	1607	NaN	213	-26.8	42.8	NaN	-26.5	NaN
-69.35	111.86	2119	NaN	299	-33.8	31.9	NaN	-32.5	NaN
-70.16	111.84	2434	NaN	383	-37.7	18.8	NaN	-35.7	NaN
-70.44	111.74	2525	NaN	412	-39	17.6	NaN	-36.4	NaN
-70.76	111.57	2621	NaN	444	-41.8	17.2	NaN	-38.9	NaN
-71.17	111.37	2696	NaN	488	-43.4	12.2	NaN	-38.6	NaN
-71.6	111.25	2759	NaN	534	-44.7	11.4	NaN	-40.6	NaN
-72.04	110.92	2811	NaN	581	-46.7	8.9	NaN	-43.3	NaN
-73.7	110.2	3046	NaN	762	-52.2	6.5	NaN	-46.6	NaN
-68.5	110.85	1784	NaN	197	-28.9	42.6	NaN	-28.45	NaN
-68.48	109.66	1884	NaN	182	-29.7	32.3	NaN	-30.44	NaN
-68.5	104.68	2300	NaN	241	-34.9	34.2	NaN	-35.44	NaN
-68.5	103.42	2256	NaN	263	-33.9	12.9	NaN	-35.91	NaN
-68.49	102.18	2119	NaN	289	-31.3	15.4	NaN	-35.13	NaN
-68.51	100.93	2025	NaN	303	-31.6	19.8	NaN	-35.55	NaN
-68.52	99.69	1980	NaN	297	-31.8	42.5	NaN	-30.84	NaN
-68.51	98.44	2050	NaN	264	-34	59.8	NaN	-33.18	NaN
-68.49	97.19	2322	NaN	238	-31.9	57.2	NaN	-33.32	NaN
-68.5	95.95	2259	NaN	219	-32.6	7	NaN	-32.22	NaN
-70.83	77.08	1850	NaN	146	NaN	NaN	NaN	-33.12	NaN
-69.43	76.34	500	NaN	26	NaN	NaN	NaN	-20.49	NaN
-71.91	77.99	2345	NaN	270	NaN	NaN	NaN	-39.31	NaN
-70.83	77.08	1850	NaN	146	NaN	NaN	NaN	-33.39	NaN
-70.26	76.68	1387	NaN	81	NaN	NaN	NaN	-29.04	NaN
-69.92	76.49	1038	NaN	45	NaN	NaN	NaN	-26.74	NaN
NaN	NaN	NaN	NaN	NaN	-10.9	NaN	NaN	-20.1	NaN
NaN	NaN	64	NaN	NaN	-20.1	NaN	NaN	-19	NaN
NaN	NaN	2760	NaN	NaN	-39	NaN	NaN	-40.67	NaN
NaN	NaN	2979	NaN	NaN	-47.5	NaN	NaN	-43.23	NaN
NaN	NaN	2963	NaN	NaN	-52.9	NaN	NaN	-44.16	NaN
NaN	NaN	3240	NaN	NaN	-50.3	NaN	NaN	-50.3	NaN
NaN	NaN	10	NaN	NaN	-12.4	NaN	NaN	-19	NaN
NaN	NaN	2740	NaN	NaN	-37.4	NaN	NaN	-37.7	NaN
NaN	NaN	3250	NaN	NaN	-47.4	NaN	NaN	-42.8	NaN
NaN	NaN	3500	NaN	NaN	-53.9	NaN	NaN	-47.8	NaN
NaN	NaN	3490	NaN	NaN	-57.3	NaN	NaN	-53.5	NaN
NaN	NaN	3730	NaN	NaN	-57.7	NaN	NaN	-50.3	NaN
NaN	NaN	283	NaN	NaN	-10.1	NaN	NaN	-16.7	NaN
NaN	NaN	360	NaN	NaN	-12.4	NaN	NaN	-17.6	NaN
NaN	NaN	620	NaN	NaN	-14.3	NaN	NaN	-18.9	NaN
NaN	NaN	780	NaN	NaN	-15.7	NaN	NaN	-19.7	NaN
NaN	NaN	930	NaN	NaN	-19	NaN	NaN	-20.8	NaN
NaN	NaN	1390	NaN	NaN	-21.3	NaN	NaN	-22.8	NaN
NaN	NaN	379	NaN	NaN	-11	NaN	NaN	-17.1	NaN
NaN	NaN	40	NaN	NaN	-11.2	NaN	NaN	-16.9	NaN
NaN	NaN	460	NaN	NaN	-16.3	NaN	NaN	-20	NaN
NaN	NaN	975	NaN	NaN	-19.8	NaN	NaN	-22	NaN
NaN	NaN	1410	NaN	NaN	-24	NaN	NaN	-26	NaN
NaN	NaN	1850	NaN	NaN	-28.8	NaN	NaN	-30.5	NaN
NaN	NaN	2220	NaN	NaN	-34.3	NaN	NaN	-32.5	NaN
NaN	NaN	2290	NaN	NaN	-37.9	NaN	NaN	-34.5	NaN
NaN	NaN	2430	NaN	NaN	-42.1	NaN	NaN	-39	NaN
NaN	NaN	2810	NaN	NaN	-46.5	NaN	NaN	-42.5	NaN
NaN	NaN	2990	NaN	NaN	-46.5	NaN	NaN	-47.7	NaN
NaN	NaN	3010	NaN	NaN	-53.5	NaN	NaN	-47.9	NaN
NaN	NaN	220	NaN	NaN	-14.5	NaN	NaN	-19.7	NaN
NaN	NaN	230	NaN	NaN	-15.6	NaN	NaN	-20	NaN
NaN	NaN	405	NaN	NaN	-16.1	NaN	NaN	-20.2	NaN
NaN	NaN	470	NaN	NaN	-17.8	NaN	NaN	-19.5	NaN
NaN	NaN	680	NaN	NaN	-19.3	NaN	NaN	-19.7	NaN
NaN	NaN	790	NaN	NaN	-19.8	NaN	NaN	-19.3	NaN
NaN	NaN	985	NaN	NaN	-22	NaN	NaN	-22.1	NaN
NaN	NaN	1210	NaN	NaN	-24.2	NaN	NaN	-21.8	NaN
NaN	NaN	1480	NaN	NaN	-26.9	NaN	NaN	-25.8	NaN
NaN	NaN	1530	NaN	NaN	-27.4	NaN	NaN	-28.2	NaN
NaN	NaN	1610	NaN	NaN	-28.3	NaN	NaN	-27	NaN
NaN	NaN	1670	NaN	NaN	-28.9	NaN	NaN	-26.7	NaN
NaN	NaN	1830	NaN	NaN	-30.4	NaN	NaN	-29.1	NaN
NaN	NaN	2510	NaN	NaN	-43.9	NaN	NaN	-41.3	NaN
NaN	NaN	2280	NaN	NaN	-43.6	NaN	NaN	-44.8	NaN
NaN	NaN	2440	NaN	NaN	-45	NaN	NaN	-44.6	NaN
NaN	NaN	2480	NaN	NaN	-47.3	NaN	NaN	-45.7	NaN
NaN	NaN	2590	NaN	NaN	-47.1	NaN	NaN	-47.3	NaN
NaN	NaN	2540	NaN	NaN	-46.9	NaN	NaN	-48.5	NaN
NaN	NaN	2515	NaN	NaN	-46.5	NaN	NaN	-43.3	NaN
NaN	NaN	2500	NaN	NaN	-44	NaN	NaN	-40.5	NaN
NaN	NaN	2470	NaN	NaN	-44.2	NaN	NaN	-42.5	NaN
NaN	NaN	2360	NaN	NaN	-44.3	NaN	NaN	-39.8	NaN
NaN	NaN	2290	NaN	NaN	-42.3	NaN	NaN	-38.2	NaN
NaN	NaN	2220	NaN	NaN	-41.5	NaN	NaN	-35.7	NaN
NaN	NaN	NaN	NaN	NaN	-4.1	NaN	NaN	-9.5	NaN
NaN	NaN	NaN	NaN	NaN	-18	NaN	NaN	-30	NaN
NaN	NaN	2800	NaN	NaN	-50.7	NaN	NaN	-51	NaN
NaN	NaN	43	NaN	NaN	-24.2	NaN	NaN	-19.7	NaN
NaN	NaN	452	NaN	NaN	NaN	NaN	NaN	-26.6	NaN
NaN	NaN	1700	NaN	NaN	-29.5	NaN	NaN	-36.5	NaN
NaN	NaN	2200	NaN	NaN	-33.3	NaN	NaN	-38.9	NaN
NaN	NaN	1800	NaN	NaN	-33.4	NaN	NaN	-41	NaN
NaN	NaN	950	NaN	NaN	-27.3	NaN	NaN	-35.2	NaN
NaN	NaN	500	NaN	NaN	-27.7	NaN	NaN	-33.5	NaN
NaN	NaN	150	NaN	NaN	-29.4	NaN	NaN	-34.8	NaN
NaN	NaN	1150	NaN	NaN	-32.6	NaN	NaN	-35.8	NaN
NaN	NaN	1525	NaN	NaN	-28.2	NaN	NaN	-35.8	NaN
NaN	NaN	1530	NaN	NaN	-28.2	NaN	NaN	-32.6	NaN
NaN	NaN	NaN	NaN	NaN	-3.8	NaN	NaN	-9.5	NaN
NaN	NaN	1806	NaN	NaN	-14.8	NaN	NaN	-17.13	NaN
NaN	NaN	1937	NaN	NaN	-15.9	NaN	NaN	-10.08	NaN
NaN	NaN	1750	NaN	NaN	-16.5	NaN	NaN	-18.7	NaN
NaN	NaN	377	NaN	NaN	-7.7	NaN	NaN	-14.92	NaN
NaN	NaN	380	NaN	NaN	-8.1	NaN	NaN	-15.25	NaN
NaN	NaN	290	NaN	NaN	-14.9	NaN	NaN	-17.9	NaN
NaN	NaN	870	NaN	NaN	-12.9	NaN	NaN	-16.8	NaN
NaN	NaN	2131	NaN	NaN	-21	NaN	NaN	-27.13	NaN
NaN	NaN	396	NaN	NaN	-17.5	NaN	NaN	-19.61	NaN
NaN	NaN	1050	NaN	NaN	-16.6	NaN	NaN	-25.94	NaN
NaN	NaN	1752	NaN	NaN	-22.1	NaN	NaN	-26.68	NaN
NaN	NaN	1987	NaN	NaN	-21.4	NaN	NaN	-26.48	NaN
NaN	NaN	2010	NaN	NaN	-23.7	NaN	NaN	-25.43	NaN
NaN	NaN	290	NaN	NaN	-8.4	NaN	NaN	-13.19	NaN
NaN	NaN	1547	NaN	NaN	-20	NaN	NaN	-23.9	NaN
NaN	NaN	946	NaN	NaN	-13.1	NaN	NaN	-18	NaN
NaN	NaN	595	NaN	NaN	-12.1	NaN	NaN	-12.6	NaN
NaN	NaN	1886	NaN	NaN	-20.4	NaN	NaN	-24.72	NaN
NaN	NaN	488	NaN	NaN	-13.3	NaN	NaN	-16.55	NaN
NaN	NaN	1797	NaN	NaN	-21.8	NaN	NaN	-25.4	NaN
NaN	NaN	539	NaN	NaN	-13.3	NaN	NaN	-16.69	NaN
NaN	NaN	2007	NaN	NaN	-23.8	NaN	NaN	-27.84	NaN
NaN	NaN	130	NaN	NaN	-17.6	NaN	NaN	-21.42	NaN
NaN	NaN	1835	NaN	NaN	-20.2	NaN	NaN	-25.77	NaN
NaN	NaN	20	NaN	NaN	-22.3	NaN	NaN	-26.6	NaN
-77.6	162.89	NaN	NaN	28	NaN	-77.76	-223.8	-28.8	6.9
-77.73	162.21	NaN	NaN	41	NaN	-77	-236.8	-27.9	-13.6
-77.73	162.19	NaN	NaN	41	NaN	NaN	-250.3	-30.8	-3.7
-77.73	162.16	NaN	NaN	42	NaN	NaN	-240	-29.8	-1.9
-77.73	162.12	NaN	NaN	43	NaN	NaN	-236.9	-29.5	-1.2
-77.74	162.13	NaN	NaN	42	NaN	NaN	-241.7	-30.1	-0.9
-77.75	162.13	NaN	NaN	42	NaN	NaN	-246.8	-30.7	-1
-77.61	162.93	NaN	NaN	27	NaN	NaN	-214.7	-26	-7
-77.61	162.94	NaN	NaN	26	NaN	NaN	-222.5	-26.8	-8.3
-77.61	162.97	NaN	NaN	26	NaN	NaN	-218.1	-26.9	-2.7
-77.63	163	NaN	NaN	24	NaN	NaN	-213.5	-25.4	-10.1
-77.63	162.95	NaN	NaN	25	NaN	NaN	-220.2	-27.9	2.9
-77.63	162.95	NaN	NaN	25	NaN	NaN	-215.9	-27.6	4.6
-77.63	162.96	NaN	NaN	25	NaN	NaN	-222.1	-28.2	3.3
-77.63	162.96	NaN	NaN	25	NaN	NaN	-223.9	-28.6	5.1
-77.63	162.98	NaN	NaN	25	NaN	NaN	-209.1	-26.1	-0.5
-77.62	163	NaN	NaN	25	NaN	NaN	-218.3	-27.3	0.3
-77.61	162.96	NaN	NaN	26	NaN	NaN	-224.3	-28.4	2.6
NaN	NaN	NaN	NaN	NaN	NaN	NaN	-226.3	-28.4	1
-77.6	162.89	NaN	NaN	28	NaN	NaN	-216.1	-26.5	-4.4
-77.61	162.95	NaN	NaN	26	NaN	NaN	-252.1	-31.7	1.3
-77.6	162.86	NaN	NaN	28	NaN	NaN	-219.1	-26.8	-4.8
-77.6	162.86	NaN	NaN	28	NaN	NaN	-210.3	-25.5	-6.4
-77.61	162.83	NaN	NaN	29	NaN	NaN	-208.4	-24.1	-15.4
-77.61	162.82	NaN	NaN	29	NaN	NaN	-238.8	-29.5	-2.5
-77.6	162.84	NaN	NaN	29	NaN	NaN	-216.7	-26.1	-7.6
-77.61	162.95	NaN	NaN	26	NaN	NaN	-256.6	-33.5	11.2
-77.61	162.99	NaN	NaN	25	NaN	NaN	-234.2	-29.2	-0.9
-77.63	162.93	NaN	NaN	26	NaN	NaN	-265.5	-33.3	1.1
-77.56	163.25	NaN	NaN	24	NaN	NaN	-222.6	NaN	NaN
-77.56	163.25	NaN	NaN	24	NaN	NaN	-202	NaN	NaN
-77.56	163.25	NaN	NaN	24	NaN	NaN	-187	NaN	NaN
-77.56	163.25	NaN	NaN	24	NaN	NaN	-191.2	NaN	NaN
-77.55	163.04	NaN	NaN	29	NaN	NaN	-288.5	-35.8	-2.5
-77.55	163.04	NaN	NaN	29	NaN	NaN	-173.6	-22.1	3
-77.55	163.04	NaN	NaN	29	NaN	NaN	-293.8	-37.1	2.7
-77.54	163.18	NaN	NaN	26	NaN	NaN	-181.5	-22.6	-0.5
-77.54	163.18	NaN	NaN	26	NaN	NaN	-170.7	-21.5	0.9
-77.54	163.18	NaN	NaN	26	NaN	NaN	-166.7	-20.7	-0.9
-77.54	163.18	NaN	NaN	26	NaN	NaN	-162.3	-20.3	-0.1
-77.54	163.18	NaN	NaN	26	NaN	NaN	-187.6	-23.4	-0.6
-77.54	163.18	NaN	NaN	26	NaN	NaN	-184.4	-22.9	-1.2
-77.54	163.18	NaN	NaN	26	NaN	NaN	-190.5	-23.5	-2.3
-77.69	163.09	NaN	NaN	20	NaN	NaN	-303.4	-38.1	1.3
-77.69	163.09	NaN	NaN	20	NaN	NaN	-326.8	-40.8	-0.1
-77.69	163.09	NaN	NaN	20	NaN	NaN	-219.3	-27.2	-1.5
-77.69	163.09	NaN	NaN	20	NaN	NaN	-197	-23.9	-5.8
-77.69	163.09	NaN	NaN	20	NaN	NaN	-235.6	-29.2	-2.4
-77.69	163.09	NaN	NaN	20	NaN	NaN	-186.8	-24.2	6.9
-77.69	163.09	NaN	NaN	20	NaN	NaN	-262	-32.5	-2.2
-77.69	163.09	NaN	NaN	20	NaN	NaN	-211.3	-26.4	0
-77.69	163.09	NaN	NaN	20	NaN	NaN	-219.6	-27.1	-2.5
-77.69	163.09	NaN	NaN	20	NaN	NaN	-271.2	NaN	NaN
-77.69	163.09	NaN	NaN	20	NaN	NaN	-235.7	NaN	NaN
-77.69	163.09	NaN	NaN	20	NaN	NaN	-241.8	NaN	NaN
-77.55	163	NaN	NaN	29	NaN	NaN	-200.2	NaN	NaN
-77.55	163	NaN	NaN	29	NaN	NaN	-226.4	NaN	NaN
-77.55	163	NaN	NaN	29	NaN	NaN	-183.6	NaN	NaN
-77.55	163	NaN	NaN	29	NaN	NaN	-188.8	NaN	NaN
-77.55	163	NaN	NaN	29	NaN	NaN	-210.8	NaN	NaN
-77.54	163.05	NaN	NaN	29	NaN	NaN	-137	NaN	NaN
-77.54	163.05	NaN	NaN	29	NaN	NaN	-223.8	NaN	NaN
-77.54	163.05	NaN	NaN	29	NaN	NaN	-199.7	NaN	NaN
-77.54	163.05	NaN	NaN	29	NaN	NaN	-194.9	NaN	NaN
-77.56	163.05	NaN	NaN	27	NaN	NaN	-219	NaN	NaN
-77.56	163.05	NaN	NaN	27	NaN	NaN	-218.1	NaN	NaN
-77.56	163.05	NaN	NaN	27	NaN	NaN	-216.6	NaN	NaN
-77.56	163.05	NaN	NaN	27	NaN	NaN	-255.4	NaN	NaN
-77.54	163.1	NaN	NaN	28	NaN	NaN	-135.8	NaN	NaN
-77.54	163.1	NaN	NaN	28	NaN	NaN	-209.9	NaN	NaN
-77.54	163.1	NaN	NaN	28	NaN	NaN	-179.4	NaN	NaN
-77.54	163.1	NaN	NaN	28	NaN	NaN	-179	NaN	NaN
-77.54	163.1	NaN	NaN	28	NaN	NaN	-172.3	NaN	NaN
-77.54	163.1	NaN	NaN	28	NaN	NaN	-169.8	NaN	NaN
-77.53	163.22	NaN	NaN	27	NaN	NaN	-199.5	NaN	NaN
-77.53	163.22	NaN	NaN	27	NaN	NaN	-240.9	NaN	NaN
-77.53	163.22	NaN	NaN	27	NaN	NaN	-141.7	NaN	NaN
-77.53	163.22	NaN	NaN	27	NaN	NaN	-223.9	NaN	NaN
-77.53	163.22	NaN	NaN	27	NaN	NaN	-244	NaN	NaN
-77.53	163.22	NaN	NaN	27	NaN	NaN	-217.5	NaN	NaN
-77.53	163.22	NaN	NaN	27	NaN	NaN	-243.7	NaN	NaN
-77.53	163.22	NaN	NaN	27	NaN	NaN	-260	NaN	NaN
-77.53	163.22	NaN	NaN	27	NaN	NaN	-210.6	NaN	NaN
-77.7	163.02	NaN	NaN	22	NaN	NaN	-251.1	NaN	NaN
-77.7	163.02	NaN	NaN	22	NaN	NaN	-155.7	NaN	NaN
-77.7	163.02	NaN	NaN	22	NaN	NaN	-224	NaN	NaN
-77.68	163.09	NaN	NaN	20	NaN	NaN	-244	NaN	NaN
-77.68	163.09	NaN	NaN	20	NaN	NaN	-247.5	NaN	NaN
-77.68	163.09	NaN	NaN	20	NaN	NaN	-220.4	NaN	NaN
-77.68	163.09	NaN	NaN	20	NaN	NaN	-186.4	NaN	NaN
-77.68	163.09	NaN	NaN	20	NaN	NaN	-192.5	NaN	NaN
-77.68	163.09	NaN	NaN	20	NaN	NaN	-221.7	NaN	NaN
-77.68	163.09	NaN	NaN	20	NaN	NaN	-277.4	NaN	NaN
-77.68	163.09	NaN	NaN	20	NaN	NaN	-211.3	NaN	NaN
-77.55	162.98	NaN	NaN	30	NaN	NaN	-267.9	NaN	NaN
-77.54	163.1	NaN	NaN	28	NaN	NaN	-220.4	NaN	NaN
-77.67	163.08	NaN	NaN	21	NaN	NaN	-226.6	NaN	NaN
-77.67	163.07	NaN	NaN	21	NaN	NaN	-214	NaN	NaN
-77.67	163.09	NaN	NaN	21	NaN	NaN	-241.6	NaN	NaN
-77.66	163.08	NaN	NaN	21	NaN	NaN	-230	NaN	NaN
-77.66	163.08	NaN	NaN	21	NaN	NaN	-229.1	NaN	NaN
-77.66	163.08	NaN	NaN	21	NaN	NaN	-221.3	NaN	NaN
-77.66	163.08	NaN	NaN	21	NaN	NaN	-224.2	NaN	NaN
-77.61	162.95	NaN	NaN	26	NaN	NaN	-244.8	-31.02	3.4
-77.61	162.96	NaN	NaN	26	NaN	NaN	-219.4	-27.31	-0.9
-77.61	162.97	NaN	NaN	26	NaN	NaN	-233.1	-29.06	-0.6
-77.61	162.98	NaN	NaN	26	NaN	NaN	-230	-28.63	-1
-77.61	162.98	NaN	NaN	26	NaN	NaN	-202.8	-25.61	2.1
-77.61	162.93	NaN	NaN	27	NaN	NaN	-231	-28.19	-5.5
-77.61	162.93	NaN	NaN	27	NaN	NaN	-242.9	-30.14	-1.8
-77.61	162.94	NaN	NaN	26	NaN	NaN	-301.9	-37.86	1
-77.56	163.25	NaN	NaN	24	NaN	NaN	-190.6	NaN	NaN
-77.61	162.99	NaN	NaN	25	NaN	NaN	-234.5	-29.64	2.6
-77.61	162.96	NaN	NaN	26	NaN	NaN	-260	-32.85	2.8
-77.61	162.95	NaN	NaN	26	NaN	NaN	-238.9	-30.06	1.6
-77.62	162.94	NaN	NaN	26	NaN	NaN	-251.9	-31.86	3
-77.62	163	NaN	NaN	25	NaN	NaN	-284	-36.07	4.6
-77.62	163.02	NaN	NaN	24	NaN	NaN	-242	-30.85	4.8
-77.62	163.03	NaN	NaN	24	NaN	NaN	-273.3	-34.77	4.9
-77.63	162.96	NaN	NaN	25	NaN	NaN	-258.3	-33.53	9.9
-77.63	162.93	NaN	NaN	26	NaN	NaN	-273.5	NaN	NaN
-77.59	163.27	NaN	NaN	22	NaN	NaN	-219.8	NaN	NaN
-77.57	163.34	NaN	NaN	21	NaN	NaN	-238.7	NaN	NaN
-77.73	162.19	NaN	NaN	41	NaN	NaN	-335.6	NaN	NaN
-77.73	162.15	NaN	NaN	42	NaN	NaN	-325.5	NaN	NaN
-77.73	162.12	NaN	NaN	43	NaN	NaN	-349.7	NaN	NaN
-77.74	162.13	NaN	NaN	42	NaN	NaN	-316.7	NaN	NaN
-77.75	162.13	NaN	NaN	42	NaN	NaN	-308.1	NaN	NaN
-77.75	161.93	NaN	NaN	47	NaN	NaN	-305.9	NaN	NaN
-77.75	161.88	NaN	NaN	48	NaN	NaN	-291.1	NaN	NaN
-77.76	161.84	NaN	NaN	49	NaN	NaN	-311.4	NaN	NaN
-77.73	162.25	NaN	NaN	40	NaN	NaN	-331.1	NaN	NaN
-77.74	162.47	NaN	NaN	35	NaN	NaN	-238.6	NaN	NaN
-77.74	162.46	NaN	NaN	35	NaN	NaN	-235.4	NaN	NaN
-77.65	162.73	NaN	NaN	30	NaN	NaN	-254.6	NaN	NaN
-77.65	162.71	NaN	NaN	30	NaN	NaN	-250.5	NaN	NaN
-77.63	162.9	NaN	NaN	26	NaN	NaN	-228.6	NaN	NaN
NaN	NaN	NaN	NaN	NaN	NaN	NaN	-272	NaN	NaN
NaN	NaN	NaN	NaN	NaN	NaN	NaN	-243.9	NaN	NaN
NaN	NaN	NaN	NaN	NaN	NaN	NaN	-257.3	NaN	NaN
NaN	NaN	NaN	NaN	NaN	NaN	NaN	-252.9	NaN	NaN
NaN	NaN	NaN	NaN	NaN	NaN	NaN	-246.2	NaN	NaN
NaN	NaN	NaN	NaN	NaN	NaN	NaN	-258.2	NaN	NaN
-77.63	162.95	NaN	NaN	25	NaN	NaN	-280.3	-35.4	3
-77.62	162.98	NaN	NaN	25	NaN	NaN	-293.5	-37.3	4.8
-77.63	163.01	NaN	NaN	24	NaN	NaN	-274.3	-34.7	3.1
-77.62	163.03	NaN	NaN	24	NaN	NaN	-251.2	-31.6	1.4
-77.62	163.01	NaN	NaN	24	NaN	NaN	-241.3	-30	-1
-77.57	162.96	NaN	NaN	28	NaN	NaN	-285.4	-36.4	5.5
-77.62	162.93	NaN	NaN	26	NaN	NaN	-272.5	-35	7.2
-77.62	162.94	NaN	NaN	26	NaN	NaN	-220.4	-27.2	-2.4
-77.62	162.96	NaN	NaN	26	NaN	NaN	-261.7	-33.2	4.2
-77.61	162.96	NaN	NaN	26	NaN	NaN	-301.8	-38.3	4.3
-77.61	162.93	NaN	NaN	27	NaN	NaN	-233.5	-29.2	-0.3
-77.61	162.94	NaN	NaN	27	NaN	NaN	-227.5	-28	-3.6
-77.61	162.96	NaN	NaN	26	NaN	NaN	-248.9	-31.4	2
-77.61	162.96	NaN	NaN	26	NaN	NaN	-234.2	-29.7	3.6
-77.61	162.98	NaN	NaN	26	NaN	NaN	-213.3	-26.5	-0.9
-77.62	162.97	NaN	NaN	25	NaN	NaN	-283.3	-36	4.4
-77.62	162.88	NaN	NaN	27	NaN	NaN	-230.7	-28.5	-2.5
-77.62	162.92	NaN	NaN	26	NaN	NaN	-247.2	-31.3	2.8
-77.63	163.01	NaN	NaN	24	NaN	NaN	-263.4	-33.4	4.1
-77.65	162.71	NaN	NaN	30	NaN	NaN	-235.2	-29.6	1.7
-77.65	162.73	NaN	NaN	30	NaN	NaN	-249.3	-31.5	2.6
-77.65	162.71	NaN	NaN	30	NaN	NaN	-261	-33.1	3.8
-77.69	163.05	NaN	NaN	21	NaN	NaN	-225.8	-28	-1.5
-77.67	163.08	NaN	NaN	21	NaN	NaN	-223.7	-28	-0.1
-77.68	163.08	NaN	NaN	21	NaN	NaN	-226.6	-27.8	-4.4
-77.67	163.07	NaN	NaN	21	NaN	NaN	-234.2	-29.2	-0.7
-77.67	163.08	NaN	NaN	21	NaN	NaN	-214.9	-26.6	-1.9
-77.67	163.07	NaN	NaN	21	NaN	NaN	-235.1	-29.2	-1.6
-77.67	163.09	NaN	NaN	21	NaN	NaN	-210.7	-26.1	-2.1
NaN	NaN	NaN	NaN	NaN	NaN	NaN	-233.4	-28.5	-5.7
-77.56	163.28	NaN	NaN	23	NaN	NaN	-224.6	-27.7	-3.3
-77.57	163.29	NaN	NaN	23	NaN	NaN	-216.9	-27.9	6
-77.59	163.31	NaN	NaN	21	NaN	NaN	-252	-31.8	2.2
-77.69	164.4	NaN	NaN	12	NaN	NaN	-233.3	-28.4	-5.9
-77.69	163.11	NaN	NaN	20	NaN	NaN	-183	-22.2	-5.5
-77.68	163.11	NaN	NaN	20	NaN	NaN	-223	-27.7	-1.7
-77.68	163.08	NaN	NaN	21	NaN	NaN	-213	-26.4	-1.7
-77.68	163.08	NaN	NaN	21	NaN	NaN	-210	-26.1	-1.4
-77.68	163.08	NaN	NaN	21	NaN	NaN	-211.5	-26.2	-2.2
-77.69	163.05	NaN	NaN	21	NaN	NaN	-200.3	-25.1	0.4
-77.68	163.05	NaN	NaN	21	NaN	NaN	-211	-26.5	1.2
-77.68	163.06	NaN	NaN	21	NaN	NaN	-231.1	-28.8	-1
-77.68	163.07	NaN	NaN	21	NaN	NaN	-199.9	-25	0
-77.57	163.31	NaN	NaN	22	NaN	NaN	-241.3	-30	-1.3
-77.58	163.29	NaN	NaN	22	NaN	NaN	-244.2	-29.4	-9.1
-77.58	163.27	NaN	NaN	22	NaN	NaN	-234.5	-29.3	-0.3
-77.57	163.3	NaN	NaN	22	NaN	NaN	-231.9	-28.4	-5
-77.57	163.33	NaN	NaN	22	NaN	NaN	-198.2	-25.1	2.6
-77.57	163.27	NaN	NaN	22	NaN	NaN	-213	-26.2	-3.1
-77.58	163.33	NaN	NaN	21	NaN	NaN	-235.8	-29	-4.1
-77.57	163.35	NaN	NaN	22	NaN	NaN	-228.7	-28.1	-4
-77.58	163.34	NaN	NaN	21	NaN	NaN	-199.6	-25.2	2.1
-77.58	163.34	NaN	NaN	21	NaN	NaN	-233.1	-29.6	3.7
-77.58	163.33	NaN	NaN	21	NaN	NaN	-203.2	-25.5	1.1
-77.59	163.27	NaN	NaN	22	NaN	NaN	-217.8	-27	-1.5
-77.57	163.33	NaN	NaN	22	NaN	NaN	-263.9	-33	0
-77.58	163.32	NaN	NaN	21	NaN	NaN	-238.5	-30.3	3.6
-77.75	162.13	NaN	NaN	42	NaN	NaN	-304.5	-38.8	5.9
NaN	NaN	NaN	NaN	NaN	NaN	NaN	-318.9	-40.4	4.6
NaN	NaN	NaN	NaN	NaN	NaN	NaN	-341.8	-43.1	2.7
-77.74	162.13	NaN	NaN	42	NaN	NaN	-308.7	-39.1	4.1
-77.74	161.68	NaN	NaN	53	NaN	NaN	-321.3	-40.8	5
-77.76	161.8	NaN	NaN	50	NaN	NaN	-321.2	-40.3	1.6
-77.75	161.77	NaN	NaN	51	NaN	NaN	-315.4	-39.3	-1.3
-77.75	161.65	NaN	NaN	54	NaN	NaN	-342	-42.8	0.3
-77.72	161.65	NaN	NaN	54	NaN	NaN	-331.9	-41.3	-1.2
-77.72	162.27	NaN	NaN	39	NaN	NaN	-296.7	-37	-0.4
-77.73	162.29	NaN	NaN	39	NaN	NaN	-321.6	-40.1	-0.8
-77.72	162.25	NaN	NaN	40	NaN	NaN	-335.6	-41.7	-2.4
-77.73	162.23	NaN	NaN	40	NaN	NaN	-349.9	-43.9	1
-77.73	162.21	NaN	NaN	41	NaN	NaN	-347.6	-43.7	2
-77.73	162.2	NaN	NaN	41	NaN	NaN	-336.5	-42.2	1.5
-77.73	162.17	NaN	NaN	41	NaN	NaN	-319.3	-40.2	2.1
-77.73	162.16	NaN	NaN	42	NaN	NaN	-310	-39.2	3.2
-77.73	162.14	NaN	NaN	42	NaN	NaN	-346	-43.2	-0.6
-77.73	162.12	NaN	NaN	43	NaN	NaN	-347.9	-43.3	-1.6
-77.73	162.09	NaN	NaN	43	NaN	NaN	-361.7	-45	-1.6
-77.74	162.06	NaN	NaN	44	NaN	NaN	-303.2	-38.5	4.9
-77.73	162.19	NaN	NaN	41	NaN	NaN	-328.1	-41.6	4.7
-77.56	163.34	NaN	NaN	22	NaN	NaN	-229.1	-28.2	-3.6
-77.74	162.48	NaN	NaN	34	NaN	NaN	-257.6	-32.5	2.1
-77.74	162.46	NaN	NaN	35	NaN	NaN	-240.2	-30.3	2.1
-77.74	162.44	NaN	NaN	35	NaN	NaN	-229.1	-29	3.3
-77.74	162.44	NaN	NaN	35	NaN	NaN	-250.1	-31.5	1.8
-77.75	161.95	NaN	NaN	47	NaN	NaN	-312.1	-39.5	3.6
-77.75	161.97	NaN	NaN	46	NaN	NaN	-328.8	-41.7	5
-77.75	162	NaN	NaN	46	NaN	NaN	-306.4	-39.3	7.7
-77.75	162.02	NaN	NaN	45	NaN	NaN	-289.2	-37	6.5
-77.75	162.03	NaN	NaN	45	NaN	NaN	-305.8	-39	6
-77.73	162.01	NaN	NaN	45	NaN	NaN	-350.6	-43.9	0.5
-77.76	161.84	NaN	NaN	49	NaN	NaN	-307	-39.1	5.8
-77.76	161.87	NaN	NaN	49	NaN	NaN	-301	-38.2	4.5
-77.75	161.89	NaN	NaN	48	NaN	NaN	-294.3	-37.2	3.1
-77.75	161.91	NaN	NaN	48	NaN	NaN	-314.1	-39.9	4.9
-77.75	161.93	NaN	NaN	47	NaN	NaN	-304	-38.6	4.4
-77.63	162.99	NaN	NaN	25	NaN	NaN	-272	-34.3	2.6
-77.63	162.99	NaN	NaN	25	NaN	NaN	-275.8	-35.2	5.4
-77.63	162.99	NaN	NaN	25	NaN	NaN	-275.2	-34.9	3.7
-77.62	163.05	NaN	NaN	23	NaN	NaN	-257.8	-32.6	3.2
-77.76	161.84	NaN	NaN	49	NaN	NaN	-322.4	-40.8	3.7
-77.75	161.89	NaN	NaN	48	NaN	NaN	-305.7	-38.7	3.6
-77.75	161.93	NaN	NaN	47	NaN	NaN	-312.1	-39.6	4.6
-77.75	162.02	NaN	NaN	45	NaN	NaN	-304	-38.8	6.3
-77.74	162.06	NaN	NaN	44	NaN	NaN	-294.3	-37.3	3.7
-77.73	163.21	NaN	NaN	17	NaN	NaN	-327.3	-41.2	2.7
-77.73	162.19	NaN	NaN	41	NaN	NaN	-349.9	-44	2.3
-77.73	162.16	NaN	NaN	42	NaN	NaN	-316.5	-39.9	3
-77.73	162.12	NaN	NaN	43	NaN	NaN	-349.7	-43.5	-1.7
-77.74	162.13	NaN	NaN	42	NaN	NaN	-324.4	-41.2	5.1
-77.75	162.13	NaN	NaN	42	NaN	NaN	-310.6	-39.3	3.6
-77	163	NaN	NaN	13	NaN	NaN	-237.5	-29.6	-0.5
NaN	NaN	NaN	NaN	NaN	NaN	NaN	-252.2	-32.1	4.6
NaN	NaN	NaN	NaN	NaN	NaN	NaN	-215.2	-26.4	-3.7
NaN	NaN	NaN	NaN	NaN	NaN	NaN	-199.1	-24.9	-0.1
-77.56	163.23	NaN	NaN	24	NaN	NaN	-236.2	-29	-4.3
NaN	NaN	NaN	NaN	NaN	NaN	NaN	-180.4	-22.4	-1.2
NaN	NaN	NaN	NaN	NaN	NaN	NaN	-231.8	-28.5	-4.1
-77.58	163.27	NaN	NaN	22	NaN	NaN	-211.3	-26.6	1.4
-77.59	163.32	NaN	NaN	21	NaN	NaN	-221.4	-27.5	-1.5
NaN	NaN	NaN	NaN	NaN	NaN	NaN	-224.1	-27.8	-2.1
-77.57	163.32	NaN	NaN	22	NaN	NaN	-208.2	-27	7.9
-77.56	163.32	NaN	NaN	23	NaN	NaN	-254.7	-32.1	2.4
NaN	NaN	NaN	NaN	NaN	NaN	NaN	-239	-30	1.2
NaN	NaN	NaN	NaN	NaN	NaN	NaN	-257.4	-32.4	2
NaN	NaN	NaN	NaN	NaN	NaN	NaN	-231.2	-28.6	-2.8
NaN	NaN	NaN	NaN	NaN	NaN	NaN	-220.4	-27	-4.3
NaN	NaN	NaN	NaN	NaN	NaN	NaN	-227.4	-28.3	-0.6
-79.38	-111.24	1791	NaN	490	-31.1	26	-250.53	-31.64	2.57
-80.62	-122.63	1350	NaN	690	NaN	14	-257.62	-33.13	5.27
-81.2	-126.17	1040	NaN	670	NaN	NaN	-220.32	-27.83	2.34
-80	-120	1530	NaN	630	-28	24	-257.71	-32.61	3.17
-89.14	-77.06	1239	NaN	1240	-26.4	38	-248.08	-31.61	4.77
-86.5	-107.99	2586	NaN	1130	-35.9	15	-331.11	-42.87	13.88
-78.43	-115.92	1742	NaN	82	-31	25	-248.66	NaN	NaN
-78.08	-120.08	1697	NaN	49	-30.2	19	-265.19	NaN	NaN
-77.68	-124	1828	NaN	36	-31.9	12	-277.38	NaN	NaN
-77.84	-102.91	1336	NaN	107	-25	43	NaN	-29.45	NaN
-78.12	-95.65	1620	NaN	79	-25.9	33	-245.35	NaN	NaN
-66.72194444	113.1994444	1276	NaN	77	NaN	130	NaN	-20.365	NaN
-66.76972222	112.8069444	NaN	NaN	92	NaN	NaN	NaN	-21.865	NaN
-66.77472222	112.8019444	NaN	NaN	93	NaN	76	NaN	-22.045	NaN
-66.72388889	113.2061111	1270	NaN	77	NaN	136	NaN	-20.464	NaN
-66.77611111	112.8013889	1369	NaN	93	NaN	75	NaN	-22.249	NaN
-66.77361111	112.7594444	1361	NaN	94	NaN	63	NaN	-21.803	NaN
-66.77555556	112.5288889	1297	NaN	102	NaN	45.94	NaN	-23.098	NaN
-66.77555556	112.2319444	1140	NaN	90	NaN	10.09	NaN	-23.041	NaN
-66.77722222	112.8113889	NaN	NaN	93	NaN	70.3	NaN	-22.117	NaN
-66.77277778	112.4580556	NaN	NaN	100	NaN	33.88	NaN	-23.315	NaN
-66.77416667	112.35725	1200	NaN	95	NaN	16.67	NaN	-23.832	NaN
-66.77555556	112.2391667	1137.6	NaN	90	NaN	NaN	NaN	-24.615	NaN
-66.72027778	112.8361111	1390	NaN	88	-22	67	NaN	-21.885	NaN
-66.72917222	112.8355333	1390	NaN	88	NaN	NaN	NaN	-21.24	NaN
-65.85333333	113.18	140	NaN	35	-11	NaN	NaN	-16.935	NaN
-66.30194444	111.4566667	773	NaN	42	-16	NaN	NaN	-20.183	NaN
-66.23	111.2316667	610	NaN	32	-14	NaN	NaN	-18.945	NaN
-66.15166667	111.0011111	360	NaN	26	-12	NaN	NaN	-17.514	NaN
-66.38333333	111.7261111	927	NaN	55	NaN	NaN	NaN	-20.827	NaN
-66.13055556	110.9380556	261	NaN	26	-12	NaN	NaN	-18.817	NaN
-66.12861111	110.9361111	249	NaN	26	-12	NaN	NaN	-18.638	NaN
-66.1325	110.9444444	274	NaN	26	NaN	17	NaN	-16.62	NaN
-72.65	-16.63	30	13	16	-16.7	38	NaN	-21.8	NaN
-72.73	-15.97	70	90	40	-18.5	41.5	NaN	-22.14	NaN
-72.45	-12.55	300	150	54	-18.5	34.3	NaN	-24.43	NaN
-72.6	12.43	700	200	279	-21	32.2	NaN	-25.71	NaN
-72.82	-12.2	800	210	303	-18.1	25.8	NaN	-26.97	NaN
-74	-12	1200	260	434	-21.4	28.9	NaN	-30.41	NaN
-74.35	-11.72	1200	300	474	-20	31.8	NaN	-30.58	NaN
-73.6	-12.43	700	200	390	-22	32.4	NaN	-26.59	NaN
-70.24	-4.81	63	10	27	-17.5	28.8	NaN	-23.04	NaN
-71.19	4.6	800	120	121	-20.3	NaN	NaN	-26.81	NaN
-71.9	4.6	1520	210	198	-25.6	13.5	NaN	-33.36	NaN
-72.13	4.18	2044	240	226	-28.1	17.1	NaN	-33.4	NaN
-72.25	2.89	2400	250	240	-30.3	11.9	NaN	-33.42	NaN
-72.5	3	2610	280	267	-34.8	11.2	NaN	-38.4	NaN
-72.68	3.66	2751	300	286	-36.9	5.6	NaN	-40.42	NaN
-73.04	5.06	2929	340	322	-40.1	2.8	NaN	-41.2	NaN
-73.72	7.94	3174	380	402	-44.6	5.2	NaN	-44.87	NaN
-74.35	11.1	3341	450	475	-47.8	4.5	NaN	-46.32	NaN
-74.65	12.79	3406	490	507	-49.3	4.5	NaN	-47.81	NaN
-75	15	3453	560	553	-51.3	5.1	NaN	-49.49	NaN
-71.28	46.31	2596	NaN	323	-38.2	NaN	NaN	-42.4	NaN
-71.73	48.68	2880	NaN	420	-42.4	NaN	NaN	-44.8	NaN
-73.81	48.4	3200	NaN	548	-48.9	NaN	NaN	-50.4	NaN
-74.92	47.94	3310	NaN	636	NaN	NaN	NaN	-51.3	NaN
-75.99	48.1	3383	NaN	739	-54.1	NaN	NaN	-52.5	NaN
-73.02	46.36	3039	NaN	439	-45.7	NaN	NaN	-47.9	NaN
-71.83	44.76	2613	NaN	309	NaN	NaN	NaN	-44.5	NaN
-70.22	46.57	2405	NaN	261	-35.3	NaN	NaN	-38.3	NaN
-69.54	49.93	1958	NaN	215	-31.7	NaN	NaN	-34.9	NaN
-77.99167	-51.53333	65	NaN	78	NaN	182.42	NaN	-26.63	NaN
-78.41333	-52.47333	68	NaN	129	NaN	178.92	NaN	-27.39	NaN
-78.84	-53.47333	71	NaN	176	NaN	171.48	NaN	-28.25	NaN
-79.26833	-54.20167	75	NaN	220	NaN	153.55	NaN	-29.02	NaN
-79.67	-54.89167	85	NaN	264	NaN	165.91	NaN	-29.22	NaN
-80	-55.5	93	NaN	300	NaN	191.96	NaN	-30.28	NaN
-80.43	-55.98	104	NaN	342	NaN	117.92	NaN	-30.6	NaN
-80.83333	-56.58833	107	NaN	381	NaN	NaN	NaN	NaN	NaN
-81.21833	-57.20333	125	NaN	420	NaN	NaN	NaN	NaN	NaN
-81.605	-57.88833	132	NaN	460	NaN	98.76	-251.17	-32.16	6.13
-82.335	-57.82667	143	NaN	524	NaN	100.15	NaN	-32.91	NaN
-82.75	-58.69167	145	NaN	570	NaN	91.28	-264.31	-33.24	1.58
-83.16667	-59.575	163	NaN	615	-30	99.95	-269.42	-34.53	6.8
-83.385	-60.06333	185	NaN	639	-30.2	NaN	NaN	NaN	NaN
-83.91833	-60.36	482	NaN	692	NaN	NaN	NaN	NaN	NaN
-84.81833	-59.635	1191	NaN	777	NaN	170.78	-313.03	-40.36	9.85
-76.98111	-52.26778	41	NaN	25	-23.5	NaN	-195.39	NaN	NaN
-77.19389	-53.14083	NaN	NaN	48	-23.5	NaN	-202.47	-26.17	7
-76.95889	-54.69222	NaN	NaN	56	-23.3	NaN	-202.19	NaN	NaN
-77.35783	-56.05933	NaN	NaN	104	-23.8	NaN	-205.67	-26.27	4.33
-77.68222	-57.32639	NaN	NaN	149	-24.4	NaN	-207.98	NaN	NaN
-78.03361	-58.69056	NaN	NaN	198	-24.5	NaN	-214.11	-27.2	3.67
-78.30194	-56.98	64	NaN	182	-25.2	NaN	-218.71	NaN	NaN
-78.72167	-57.8475	NaN	NaN	225	-26.1	NaN	-225.21	-28.94	6.33
-77.9375	-55.97833	61	NaN	141	-24.7	NaN	-212.07	-27.31	6.05
-77.51306	-54.54667	NaN	NaN	93	-24.3	NaN	-207.01	NaN	NaN
-78.31722	-39.43472	NaN	NaN	83	-24.4	NaN	-198.99	-26.05	8.62
-81.46306	-60.61472	NaN	NaN	479	-28.6	NaN	-251.65	-32.35	7.28
-81.617	-57.917	133	NaN	461	-28.7	NaN	-252.55	NaN	NaN
-78.42778	-52.50639	68	NaN	130	-25.7	NaN	NaN	-27.58	NaN
-78.3	-46.283	730	NaN	36	-22.5	NaN	-184.08	-23.86	6.83
-79.658	-45.617	940	NaN	171	-24.6	NaN	-218.1	-27.99	5.84
-75.004783	0.079533	2890	NaN	531	NaN	NaN	NaN	-45.57	NaN
-75.06028	0.722052	2900	NaN	544	NaN	NaN	NaN	-44.98	NaN
-75.146835	1.34037	2925	NaN	558	NaN	NaN	NaN	-44.85	NaN
-75.20372	2.012168	2955	NaN	569	NaN	NaN	NaN	-46.11	NaN
-75.231415	2.713953	2980	NaN	571	NaN	NaN	NaN	-46.59	NaN
-75.236252	3.424011	3005	NaN	571	NaN	NaN	NaN	-46.13	NaN
-75.227386	4.131404	3045	NaN	567	NaN	NaN	NaN	-46.19	NaN
-75.247444	4.833094	3090	NaN	567	NaN	NaN	NaN	-46.17	NaN
-75.272163	5.537226	3120	NaN	569	NaN	NaN	NaN	-46.92	NaN
-75.265114	6.248196	3150	NaN	568	NaN	NaN	NaN	-46.92	NaN
-75.25647	6.956798	3180	NaN	568	NaN	NaN	NaN	-48.2	NaN
-75.227753	7.655268	3210	NaN	566	NaN	NaN	NaN	-47.86	NaN
-75.181969	8.337033	3235	NaN	564	NaN	NaN	NaN	-48.29	NaN
-75.142113	9.026305	3270	NaN	563	NaN	NaN	NaN	-48.56	NaN
-75.116913	9.723999	3300	NaN	565	NaN	NaN	NaN	-49.13	NaN
-76.636	-40	NaN	NaN	126	NaN	NaN	-176.8	-22.77	5.36
-77.57861	-50.57944	58	NaN	31	-25.8	NaN	NaN	-35.81	NaN
-78.87167	-53.40333	NaN	NaN	177	NaN	NaN	NaN	-29.44	NaN
-77.12917	-50.50139	43	NaN	22	-24.7	NaN	NaN	-24.32	NaN
-77.86722	-52.80417	69	NaN	78	-25.9	NaN	NaN	-26.16	NaN
-77.855	-52.7667	NaN	NaN	76	NaN	NaN	NaN	-28.03	NaN
-78.23	-54.01833	67	NaN	127	-26.3	NaN	NaN	-27.44	NaN
-78.24194	-54.04694	67	NaN	128	-26.3	NaN	NaN	-27.04	NaN
-78.60611	-55.43167	75	NaN	179	-26.9	NaN	NaN	-28.19	NaN
-78.595	-55.40833	NaN	NaN	178	-26.9	NaN	NaN	-28.18	NaN
-78.94611	-56.84	75	NaN	228	-27.3	NaN	NaN	-28.2	NaN
-78.93667	-56.82167	NaN	NaN	227	-27.4	NaN	NaN	-29.35	NaN
-78.30833	-57.12833	NaN	NaN	185	NaN	NaN	NaN	-27.96	NaN
-76.99333	-54.83333	NaN	NaN	60	NaN	NaN	NaN	-26.82	NaN
-77.355	-56.04	55	NaN	104	-24.5	NaN	NaN	-25.81	NaN
-77.71167	-57.43667	NaN	NaN	153	NaN	NaN	NaN	-26.44	NaN
-78.05833	-58.77667	NaN	NaN	201	NaN	NaN	NaN	-27.51	NaN
-71.110709	1.646268	1013	NaN	131	NaN	NaN	NaN	-27.09	NaN
-71.14313	11.69351	1076	NaN	119	NaN	183.15	NaN	-28.48	NaN
-71.253401	11.122667	1315	NaN	136	NaN	181.67	NaN	-28.85	NaN
-71.07827	11.59918	1008	NaN	113	NaN	175.2	NaN	-27.92	NaN
-71.044023	12.3323327	848	NaN	106	NaN	NaN	NaN	-26.54	NaN
-70.602833	-8.364167	39	NaN	0	NaN	NaN	-145	-18.57	3.5
-70.948333	-8.5205	57	NaN	39	-18.1	NaN	NaN	NaN	NaN
-71.250663	-8.65322	70	NaN	73	-18.3	NaN	NaN	NaN	NaN
-71.401667	-8.347167	75	NaN	89	-18.3	NaN	-187.04	-24.16	6.44
-71.832	-8.611333	298	NaN	121	-18.9	NaN	-185.46	NaN	NaN
-71.983333	-8.724667	559	NaN	131	-19.7	NaN	-189.95	-24.25	4.07
-72.162167	-8.823667	788	NaN	140	-21.7	NaN	-196.34	-25.19	4.86
-72.923333	-9.673667	1040	NaN	153	-22	NaN	-208.87	-26.38	1.84
-71.236167	-8.533	70	NaN	71	-18.3	NaN	NaN	-24.31	NaN
-71.535688	-8.280604	78	NaN	104	NaN	NaN	NaN	-23.98	NaN
-71.683833	-8.5	113	NaN	113	-18.3	NaN	-206.15	-26.15	3.02
-71.832	-8.611333	298	NaN	121	-18.9	NaN	-206.89	-26.43	4.15
-71.983333	-8.724667	559	NaN	131	-19.7	NaN	-212.99	-27.02	3.17
-72.162167	-8.823667	788	NaN	140	-21.7	NaN	NaN	-28.43	NaN
-72.504667	-9.093	941	NaN	146	-21.6	NaN	-198.34	-24.93	1.12
-72.923333	-9.673667	1040	NaN	153	-22	NaN	-213.14	NaN	NaN
-76.98111	-52.26778	41	NaN	25	-23.5	NaN	NaN	NaN	NaN
-77.935	-55.93611	61	NaN	140	-23.8	NaN	NaN	NaN	NaN
-72.504667	-9.093	941	NaN	146	-21.6	NaN	NaN	NaN	NaN
-78.60611	-55.43167	92	NaN	179	-26.9	142.29	NaN	-27.85	NaN
-74.205	-9.741667	1439	NaN	268	NaN	126.25	NaN	-31.77	NaN
-74.449	-9.18067	2169	NaN	300	NaN	NaN	NaN	NaN	NaN
-73.358833	-9.7	1281	NaN	188	-24.7	NaN	NaN	-29.96	NaN
-73.434717	-4.7317	2000	NaN	318	NaN	NaN	NaN	-36.47	NaN
-74.057083	-9.858217	NaN	NaN	252	NaN	NaN	NaN	-31.99	NaN
-74.155517	-9.397716	NaN	NaN	268	NaN	NaN	NaN	-32.99	NaN
-74.188517	-9.155667	NaN	NaN	275	NaN	NaN	NaN	-33.2	NaN
-74.143817	-9.67855	NaN	NaN	263	NaN	NaN	NaN	-32.85	NaN
-71.20865	-6.79148	600	NaN	79	NaN	NaN	NaN	-20.22	NaN
-71.451567	-9.85745	630	NaN	60	NaN	NaN	NaN	-20.12	NaN
-74.839367	0.00995	2874	NaN	516	NaN	NaN	NaN	-44.12	NaN